Param1	Param2	Boards Accepted	Boards Scored	Board	Score	Time
10.0	20	9	46	ldgqoesnpncptaor	354	0.17
10.0	40	16	126	lksnaseitrtmenae	1182	0.887
10.0	60	38	434	retitsirsalarepm	1464	2.827
10.0	80	26	336	esserplteairntsn	1466	2.725
10.0	100	31	385	ctioarsdpteesesr	1487	3.484
10.0	120	32	953	siesntrtoeaislds	2227	8.469
10.0	140	26	454	drseeircstalinev	1746	3.322
10.0	160	16	534	mangriteltesedar	1761	4.454
10.0	180	29	1039	rsnepetrlasedert	1965	10.767
10.0	200	30	740	teossnrtaierctas	1714	6.863
10.0	220	36	572	dplaeairsnteters	2126	4.698
10.0	240	29	796	shesetrdlaiecsmn	2024	7.518
10.0	260	34	666	sidtlenecarssito	2181	5.981
10.0	280	30	945	tesedtrcieaospms	2168	9.396
10.0	300	35	1605	dtrmiesatsepator	1945	15.945
10.0	320	32	1336	dltseaiepsrdreta	2380	13.377
10.0	340	35	1499	sdespertlitesans	2685	15.027
10.0	360	33	931	cslctiaepenrrsto	1962	8.368
10.0	380	29	1124	esrprtaeeintslas	2302	11.246
10.0	400	37	2279	scsulerttaeihsnd	2171	21.459
10.0	420	33	1201	mnstaiealtrdease	2084	12.03
10.0	440	32	1268	sinarteseatrpled	2096	12.38
10.0	460	23	1079	enordrepseasblth	1923	9.292
10.0	480	25	1266	hesecarttrinesed	2141	11.964
10.0	500	27	1255	seigntrniaetslds	2523	12.484
10.0	520	29	2507	gsosrntreaieslps	3088	25.851
10.0	540	27	1318	spaceritdtensisg	2162	11.852
10.0	560	33	2694	dlpreaiestndters	2594	25.001
10.0	580	28	1687	sblsoaetcrteders	2121	15.249
20.0	20	12	66	ylotlbertaromspe	713	0.358
20.0	40	24	170	setortrnniaequms	1370	1.101
20.0	60	12	197	sntsniaeetrmdreh	1557	1.606
20.0	80	26	353	soruptneaesddret	1568	2.631
20.0	100	20	341	dsaeettrniaequsld	1632	2.794
20.0	120	28	516	plsraieostndreta	2335	4.925
20.0	140	31	567	ressnitesaratome	1703	4.811
20.0	160	34	583	rdaeoerspteiastd	1621	4.452
20.0	180	43	888	dtlseatirenotslg	1707	7.076
20.0	200	25	906	seaglrgnoaeitstd	2011	8.848
20.0	220	37	1043	sldreaiebrtsouat	2094	10.085
20.0	240	29	1449	silsnetartepsrsd	1974	13.207
20.0	260	28	709	diaeenrgsteaarst	1704	6.646
20.0	280	61	2595	sidslarepetorsni	2552	26.429
20.0	300	35	1572	grsdaeeiltnmsias	2551	15.993
20.0	320	28	609	rstoelimitastner	1836	5.392
20.0	340	36	2426	lstreaeibrndcose	2283	22.492
20.0	360	48	2114	tcasonepsriletac	2351	19.757
20.0	380	49	2190	rphcseaeitrdtsei	2069	21.594
20.0	400	45	2337	pseloridatenspsg	2236	23.794
20.0	420	63	1889	eslptiaeanrtsges	2826	17.838
20.0	440	49	1699	msldeaiertnsseta	2691	18.384
20.0	460	30	1510	perglanesiteters	2918	16.773
20.0	480	39	1533	dpsloeattrieesrd	1999	13.764
20.0	500	40	1724	strgrenadetisals	2668	17.123
20.0	520	36	1989	deesntrnsaiopelp	2571	20.368
20.0	540	43	2535	cestdirpneaehtsl	2297	26.889
20.0	560	47	2597	ategsrrpeiaednts	2539	28.932
20.0	580	43	1671	seisdnlpeiaertsr	2629	17.486
30.0	20	27	137	tesmdanipereshts	1427	0.848
30.0	40	21	195	ttitadescerphtac	1120	1.295
30.0	60	55	353	ohdfsaeetersinac	1153	2.405
30.0	80	28	676	vltseeaernrpseis	1965	6.933
30.0	100	60	252	quinsiatesercssta	1268	1.734
30.0	120	28	950	spdlteianarssote	2002	9.371
30.0	140	53	787	osthpremeaintstg	1767	6.8
30.0	160	26	560	cdsteieertnrsaiu	1892	5.189
30.0	180	31	770	aesatlrtsaieetns	2074	6.637
30.0	200	53	967	seedprntoiasstec	2303	8.619
30.0	220	61	1370	cbelorasnitrgsen	2065	11.349
30.0	240	31	473	resqusltieranpets	1559	3.534
30.0	260	49	958	sersprtiiaenndls	2288	9.125
30.0	280	83	1412	enisstererapdist	2034	12.882
30.0	300	37	666	rategirsneaistdn	1865	5.867
30.0	320	42	1202	oseitrtlesaerpmd	2091	12.274
30.0	340	42	1483	ytourlsreaeitspd	2053	14.5
30.0	360	39	1133	snetirtspoaesclg	1972	9.774
30.0	380	62	1298	tsedolirepatsres	2924	12.74
30.0	400	44	1153	hsdeterisaethpls	2165	11.55
30.0	420	52	1060	itsdnrepseatclts	2197	9.512
30.0	440	41	2315	spldeaiertnsseto	3026	24.935
30.0	460	56	1813	osrdplieeatngrse	2616	16.377
30.0	480	41	3123	gtednrstieastlpm	2365	31.351
30.0	500	55	2061	rstsdeiaenrpstes	2588	21.521
30.0	520	95	2617	seimtnrtiaesclpd	2938	26.464
30.0	540	73	3290	destrinspatelsrt	2688	34.879
30.0	560	63	1498	rsedertnteaidslp	2623	14.994
30.0	580	37	3185	dsneeitsrlaeepsr	2359	32.587
40.0	20	42	203	ratreteslinabais	1037	1.237
40.0	40	45	364	ttsnasedpretumin	1549	3.201
40.0	60	28	193	ltaroitenesnsirt	1209	1.378
40.0	80	59	760	serdpinelatssero	3140	7.285
40.0	100	55	326	artsvrenesaiatlt	1373	2.155
40.0	120	70	1027	sredesnttieaarlp	2365	8.758
40.0	140	79	1081	drepestlntaesirb	2325	9.314
40.0	160	50	587	ashtitesnralswer	1465	4.651
40.0	180	44	811	rsdlteirenatsgos	2038	6.75
40.0	200	53	944	tsimenatgrecsats	1978	8.377
40.0	220	77	1380	eslpnareietadtst	1897	11.543
40.0	240	85	1318	cslpeaeatrntlise	2169	12.593
40.0	260	51	733	sneratistrapesed	2446	7.218
40.0	280	56	1320	stsdreieentldtas	2181	12.435
40.0	300	81	1086	gnesorititadmser	2276	9.553
40.0	320	52	819	stldeaienrspiter	2334	7.67
40.0	340	63	1552	stesenrlriaempst	2302	13.68
40.0	360	35	1036	sdtsetesoranspim	2069	9.908
40.0	380	59	926	sitsonaerlgrseis	2026	6.45
40.0	400	56	1024	steseripenaldtso	2825	9.807
40.0	420	54	1278	cltsaeirrndasets	2376	11.607
40.0	440	93	2294	rsederalitepansd	2506	24.11
40.0	460	68	2766	lersganeretidisa	2214	26.6
40.0	480	36	1124	stegeranelimctse	2372	11.166
40.0	500	51	2405	strcgeiarntlseas	2514	23.367
40.0	520	45	1262	rspmeeiatnrtaose	2200	12.621
40.0	540	26	1055	tsteearsleiersnd	2002	10.407
40.0	560	49	2391	delcniasetrprser	2341	24.078
40.0	580	58	1961	rtngseaidrtsiaeh	2435	19.823
50.0	20	26	178	dxtsaeeirtnrshea	1145	1.375
50.0	40	58	310	esysntrliaeimsts	1737	2.368
50.0	60	68	285	prsteicovalensrd	1097	1.484
50.0	80	50	385	rniesetritapumse	1587	2.791
50.0	100	86	651	lersganeritadels	2481	5.015
50.0	120	68	1035	rtepseassrltcaed	1920	9.542
50.0	140	30	631	tsedcrinelatopes	2612	5.928
50.0	160	59	975	trngseiadltsbeat	2130	8.694
50.0	180	93	1372	sgeinilsdatesers	2400	11.006
50.0	200	51	780	paspleriateandst	1693	6.857
50.0	220	54	1029	tsadonesuritstap	2054	9.759
50.0	240	118	1201	esterilrneaodstt	2079	9.228
50.0	260	73	1187	edraseietrpssaot	1927	10.512
50.0	280	52	892	mrspoeaentlgsina	2029	8.034
50.0	300	83	1480	dripesadptelorst	2106	12.528
50.0	320	48	1057	psreeatstnieserd	2305	10.795
50.0	340	30	445	nqurssletspanahit	897	2.294
50.0	360	79	2317	seesrgndeaielstr	2658	23.206
50.0	380	93	1641	rdseienttraishel	1863	13.608
50.0	400	80	2415	bletarasitessnor	2197	23.349
50.0	420	108	2410	orestnalesitdres	2742	24.576
50.0	440	58	1934	serstnieeatldrsa	2449	18.044
50.0	460	46	2139	stmdeiaenlrtgeso	2510	22.356
50.0	480	63	1747	repssalaetinrsed	2373	16.942
50.0	500	56	3613	slespratritidesn	2176	34.416
50.0	520	66	2678	seiacrtnpaessert	2189	28.457
50.0	540	52	1485	toessrltieaidgns	2709	15.668
50.0	560	105	2532	anedtsirsertpase	1942	24.632
50.0	580	57	2793	lstseaenpridtsel	2539	32.031
60.0	20	20	93	stnopersrotawesl	1225	0.588
60.0	40	56	262	srlwegasunetrdeh	964	1.785
60.0	60	93	452	efcrphaoeetsrsna	983	3.069
60.0	80	54	215	fegniramnteeestd	1194	1.315
60.0	100	122	921	sretteasenilsroh	1776	6.467
60.0	120	47	405	tsegetndroiepmsl	1676	3.028
60.0	140	92	1050	osetnrtseiaesmng	2439	9.846
60.0	160	45	419	rsalenimaterslps	2152	3.724
60.0	180	100	1587	erseatiptnaresgc	2006	14.577
60.0	200	59	862	dnsreiteltarescm	1802	7.152
60.0	220	135	1499	taesltrmseiarnts	2168	13.921
60.0	240	119	1176	seasrtnraiedltsg	2353	10.026
60.0	260	100	1874	tplnsaisertegenr	1883	15.846
60.0	280	115	1182	snisetarretedash	2089	10.645
60.0	300	51	600	qusealangtireseso	1865	5.114
60.0	320	42	1208	spleriasentrtset	2620	13.103
60.0	340	83	1124	gndsseiortlpteas	2428	10.504
60.0	360	153	1875	rdeneritstasalep	2578	17.664
60.0	380	77	1792	spesrlatetirsned	2868	19.325
60.0	400	82	1597	plassintretebasr	2430	16.655
60.0	420	85	1363	renmstaisilpders	2249	12.474
60.0	440	99	903	dpldeeairtnsaiet	2100	8.924
60.0	460	87	1511	seigdrtneiassphc	2438	13.273
60.0	480	76	1395	eltssiaentrpaesi	2670	15.504
60.0	500	121	2112	sansliteperarsdc	3045	21.564
60.0	520	110	2812	elstgiaeentrrsed	2521	28.346
60.0	540	128	2744	sipsnareletadshc	2580	27.805
60.0	560	120	1890	epndsaieltrspaet	2622	19.094
60.0	580	79	1894	ansrgietrltsseat	2141	16.471
70.0	20	21	114	utrsnioenptasers	1061	0.744
70.0	40	43	253	diropesimatsdner	1253	1.715
70.0	60	93	547	sregtnalaeitqumss	1517	3.9
70.0	80	106	336	seailsnneitenrad	1290	1.907
70.0	100	149	919	srespetnharitsem	1872	6.935
70.0	120	85	708	srdielerkiattchs	1662	4.883
70.0	140	83	1132	dessgnteiaerldrt	1979	9.595
70.0	160	102	1331	tsngoliredatsres	2168	10.743
70.0	180	113	1412	cindlateperssoda	2870	13.011
70.0	200	93	1191	desrmatenirtdesh	2485	10.805
70.0	220	81	1809	tsdhsepeniragots	2078	16.934
70.0	240	73	803	quaiasltreteearsn	1312	6.759
70.0	260	112	1469	retadrnseiaesttp	2475	14.931
70.0	280	161	1280	slasatiptneredst	2368	10.071
70.0	300	72	2545	secstarelintdesg	3019	24.545
70.0	320	77	834	utelisagpnerqueds	1457	6.403
70.0	340	168	2066	sertpitelansdetg	2680	18.625
70.0	360	81	2458	mstdeaerrlinsets	2270	22.105
70.0	380	128	3733	pslstaeperidsnel	2182	34.197
70.0	400	107	1775	teuostrpeiaedngs	2358	17.016
70.0	420	186	2166	enscetilsraetegs	2010	19.562
70.0	440	106	2627	delptarssitedent	2616	26.551
70.0	460	88	1416	apensriseateplsr	2328	14.006
70.0	480	99	3084	mpldeaiestrsteat	2565	30.061
70.0	500	113	3021	ohsrcsenratipels	2211	27.503
70.0	520	101	2750	rtassetrnalegips	2427	24.677
70.0	540	69	2240	darssetentlsoiab	2250	20.444
70.0	560	47	922	sriqustenpansrech	1245	6.242
70.0	580	93	3105	isedtnileratsdes	2858	33.39
80.0	20	56	184	hasgsinemataelsg	1167	1.079
80.0	40	126	484	sinrtaterilsetpa	1672	3.161
80.0	60	152	540	ysidtreldeatipst	1882	3.717
80.0	80	183	793	orattieshdntsrek	1286	4.902
80.0	100	212	1187	pitdlanesershtrg	2509	10.116
80.0	120	145	905	selthcaeeirtrdes	1825	6.284
80.0	140	113	1733	lsedatrlteiarsng	2410	17.118
80.0	160	145	1565	elstpatesironesp	2181	13.398
80.0	180	150	939	slioeradtsetinsn	1793	7.332
80.0	200	72	1376	selgtaniritssepa	2440	13.372
80.0	220	164	1515	tedrserepatsline	2466	15.245
80.0	240	107	1972	tuosstrmieaecnst	2088	19.06
80.0	260	72	1390	iatestrseaiewdng	2050	13.654
80.0	280	84	808	quplmeiaentrsages	1748	6.401
80.0	300	87	1466	stebnralietsdtse	2097	13.253
80.0	320	190	1208	ltrdsaieentsgrop	2557	10.208
80.0	340	177	2058	desorntreiaeslps	3303	19.449
80.0	360	70	1575	rlpseaiedntrseos	2995	15.997
80.0	380	165	2180	adsrineletapsris	2485	20.593
80.0	400	167	2788	tsicetalarepsnis	2547	27.43
80.0	420	266	3118	stiseatnlreaapsd	2338	28.78
80.0	440	137	2327	orepstalenicdres	3128	23.708
80.0	460	208	3400	dratsetetirsnapo	2224	32.979
80.0	480	110	2691	eseantrdsaieelps	2676	28.244
80.0	500	106	1743	berslatepistdeng	2864	17.635
80.0	520	87	1821	tseiatrdniaeeslp	2491	17.859
80.0	540	72	2443	mressatnltieserd	2458	25.234
80.0	560	136	2866	sehlrtceonarisep	1927	24.178
80.0	580	205	1824	sitrdneserapstoc	2437	15.911
90.0	20	215	432	endusingtalocers	1501	2.095
90.0	40	212	664	taesertcsiastmep	1519	4.063
90.0	60	153	510	detsonreuairsted	1660	3.138
90.0	80	169	1065	sndrteilralisots	1807	8.174
90.0	100	216	696	nisodertsetarcls	1749	4.891
90.0	120	198	1419	rtpresaesrcluota	1770	11.043
90.0	140	301	1261	letsdiaenerlotsp	2029	8.459
90.0	160	146	744	qudesniettralespw	1743	5.434
90.0	180	286	1777	tscheaeapltrsers	2007	13.964
90.0	200	224	1510	ceastlrtsioedens	2145	11.969
90.0	220	188	1153	trelsnategisdler	2635	9.374
90.0	240	260	1649	dlrsaeoetrstreal	1398	12.208
90.0	260	145	1603	srrsgaieentlstas	2495	15.529
90.0	280	294	1315	sresetictnalures	2553	10.418
90.0	300	160	1363	temisarslitepand	2712	12.615
90.0	320	173	2983	denolirseatetsch	2356	28.581
90.0	340	178	1373	baehlrtsseaircdm	2224	11.93
90.0	360	193	2571	sdimineaastrrces	2037	23.004
90.0	380	245	1769	sciberalntessetd	2285	14.925
90.0	400	188	2466	stlseiaentrpdesu	2814	24.761
90.0	420	95	1795	ipessraletimsned	2819	18.785
90.0	440	90	1622	cdntsaeiltrsiate	1921	16.528
90.0	460	199	2696	adissretetandlis	2464	25.795
90.0	480	183	1700	sresetalanimsdes	2739	16.093
90.0	500	87	2977	dlpseiaertnrseig	3121	31.227
90.0	520	261	1591	strenetsgilaspre	2196	12.091
90.0	540	109	3407	treprsalsetidans	2413	37.813
90.0	560	237	3272	pindlateetrssrei	2555	35.432
90.0	580	133	3371	mstdpanelirssedt	2820	35.94
100.0	20	86	288	esrtwtenarieetdl	946	1.737
100.0	40	105	352	ndecoarsbitelest	1550	2.284
100.0	60	244	1230	gerssnteitalarec	2261	9.115
100.0	80	173	1195	degosranetipdnse	1990	10.452
100.0	100	181	1004	oresustrecaehold	1733	7.303
100.0	120	337	1247	restrtneeiagdmrs	2104	8.738
100.0	140	212	1456	soesdlrtieassthp	2045	11.381
100.0	160	288	1719	ginsrapgterosist	1773	13.364
100.0	180	247	761	quueibrsdatishner	1123	4.401
100.0	200	288	1632	sorsditeneatsgrs	2235	13.328
100.0	220	321	1406	dtsherecenatslis	2212	11.382
100.0	240	270	1481	stestatrrinepeds	2120	12.133
100.0	260	230	1113	sesertrpaeiadstn	2258	9.444
100.0	280	177	1899	stldeaeimrnssiet	2413	17.152
100.0	300	273	1742	terasitelanspedg	2615	13.976
100.0	320	159	2446	slpseaiestrdines	2599	24.221
100.0	340	172	1877	hsdrpinelatesers	2668	17.502
100.0	360	169	2080	snertipseraostrw	1945	17.609
100.0	380	198	1908	silsnateternrsdi	2619	18.063
100.0	400	265	2943	steleraditeionsr	2249	1174.479
100.0	420	204	1912	cseroitlnrassetm	2339	16.026
100.0	440	155	2929	drpeesalntteiars	2408	30.329
100.0	460	136	3375	siesltndeaeiprst	2471	36.875
100.0	480	254	2510	serglandpitesers	3278	24.553
100.0	500	263	4005	drepetalsnisgret	3065	37.129
100.0	520	266	2518	rpoceratstestind	2181	24.103
100.0	540	212	3397	sresetipdnalgres	3278	37.285
100.0	560	304	2239	dneseitrrlassepm	2832	18.835
100.0	580	263	1788	edrpleiopatnsres	2091	15.089
110.0	20	245	501	laioketnrsesmiwb	887	2.319
110.0	40	377	863	seratinemotssarb	1558	4.748
110.0	60	313	748	vdtieranrtesyosh	1206	3.65
110.0	80	311	1066	stelorasrpteeisr	1767	7.397
110.0	100	177	1566	sanspitelertstas	2536	14.999
110.0	120	301	1653	ulessratetintdes	2301	13.408
110.0	140	171	1253	idtssneaerilatsm	2083	9.888
110.0	160	320	1917	aoisntrnseaedmpl	1975	14.355
110.0	180	297	1732	testsinolaredets	2466	14.156
110.0	200	190	1832	tstrepaeiredacse	1723	15.465
110.0	220	327	2242	stareiterenssgdi	2141	17.927
110.0	240	340	1688	dltsetaeserprnis	2143	14.524
110.0	260	305	2821	stisenaldrecistd	2789	30.698
110.0	280	274	2388	prtneaisntledesr	2196	23.175
110.0	300	371	1918	seednrthoiaspmle	2242	14.465
110.0	320	298	855	uyeotlstqueaerrid	787	3.924
110.0	340	216	2236	snosgritetaeslsw	2146	18.657
110.0	360	198	1661	atissnaletepdsra	2289	15.237
110.0	380	203	2905	tsicetalsrepgnis	2632	36.038
110.0	400	223	4108	taessrlpeiaedtng	2972	45.556
110.0	420	350	1508	gnidetelsrasniet	2329	11.778
110.0	440	382	3987	dlsmeiaerntrdeso	2811	43.826
110.0	460	257	1793	mildsadeterssipt	2295	19.402
110.0	480	317	3193	esldtlaesirtdens	2247	28.482
110.0	500	390	2578	seedntrgiaerblst	2520	23.793
110.0	520	153	3682	sraletiptnessard	3053	38.815
110.0	540	354	2129	mpersalsnetadirs	2202	17.14
110.0	560	429	2970	delpsiasnrttgees	2559	26.531
110.0	580	300	3406	sdesrtnreaieplcs	3136	41.079
120.0	20	337	705	letmasripetsdool	879	4.252
120.0	40	390	964	ytequraerpirsmsta	954	5.196
120.0	60	341	893	sehqurtacernslsee	1348	5.206
120.0	80	366	1070	srnieaesplthsoac	2013	9.065
120.0	100	377	1359	sptsiaetnrrdgesi	1896	13.023
120.0	120	330	1484	gustsenolaripets	1757	13.848
120.0	140	177	915	retrstasenipidoo	1843	8.868
120.0	160	296	1761	rtdoretiseasllpm	1675	17.907
120.0	180	388	2460	desantrpiaeiplsd	2848	27.691
120.0	200	284	1778	tesostrniaesblpr	2366	22.104
120.0	220	173	1439	sgnsreiaetlrtsta	1945	12.769
120.0	240	388	1981	sapstiredentgesa	2510	17.718
120.0	260	450	2087	bedilaresteshhit	1813	15.732
120.0	280	296	2774	srestnicetalsres	2687	28.526
120.0	300	321	1539	clsteaiertnrsees	2558	13.728
120.0	320	298	2328	destntrniaeuslcd	2409	20.775
120.0	340	459	2963	derolatpsiesondr	2281	24.766
120.0	360	409	2704	seditarsliteesng	2751	24.313
120.0	380	373	2079	grshraecnetadisn	1652	15.616
120.0	400	272	1941	tstenilrgeaedrst	2044	16.775
120.0	420	252	2748	rgncseiattrlsaes	2371	26.516
120.0	440	434	2953	sethrniseralstep	2812	26.444
120.0	460	289	2290	seestrnteiaespld	2922	22.7
120.0	480	418	2856	seisrtngeiaespls	3124	30.286
120.0	500	407	3688	redssilgtanereds	2743	33.812
120.0	520	380	2417	snisetamsrelcaps	2553	23.357
120.0	540	417	2292	senqurtaiaeldtpse	1849	17.563
120.0	560	242	2801	tlprtaessertdnia	2407	27.057
120.0	580	427	3086	setantrciaesslpd	3110	29.571
130.0	20	338	543	snehtpisetalsrun	1348	2.168
130.0	40	364	998	tsphierolatrrses	1404	6.02
130.0	60	433	1089	lerbpatorecsdihe	1873	6.683
130.0	80	471	1519	qulstieapntreaesi	1872	11.288
130.0	100	559	1425	setslariitnoresc	2206	8.272
130.0	120	366	1324	gamynerssitequela	1591	10.767
130.0	140	400	2110	dtsreaelprintset	2051	17.666
130.0	160	325	1636	derslinosatepers	2907	13.65
130.0	180	507	2077	saneltiserecstad	1989	15.307
130.0	200	331	1476	blesratrtinosedg	2200	11.457
130.0	220	255	2113	sltstaeneridrsop	2326	18.619
130.0	240	413	2334	osigprtneaeotssr	2179	21.167
130.0	260	425	2298	snetirtspaesserd	2061	19.292
130.0	280	201	1759	eplssaientrndets	2953	16.971
130.0	300	404	3216	pisrlatederisgns	2405	30.633
130.0	320	388	2026	iseaprtneaietslr	2409	21.698
130.0	340	335	2115	idrsaretetinslas	2501	20.585
130.0	360	324	3245	ridstengsalecors	2428	29.86
130.0	380	460	2405	gndseiaestrttuos	2366	21.219
130.0	400	456	2109	sendrtieeatrplse	2788	17.61
130.0	420	400	2204	cdrtiaesetinsrom	2043	18.486
130.0	440	343	2096	rsdoseripatemils	2405	17.947
130.0	460	525	2435	stlseiapdnrusets	2823	19.928
130.0	480	352	3656	resopltneaiestrs	2543	33.33
130.0	500	445	1613	soesdnrteiaerstb	2319	12.255
130.0	520	351	3030	dosanerttilesaps	2800	29.215
130.0	540	338	3033	tlgssaenirtidesl	2111	28.699
130.0	560	381	4611	deshrnteeiardlsc	2545	45.75
130.0	580	350	2572	aierltnssarepect	2320	22.549
140.0	20	470	771	lmrnaespnrasstet	1120	3.366
140.0	40	489	1052	sgsurenomatrisce	1420	5.342
140.0	60	453	1003	eedssnreniatgles	1859	5.507
140.0	80	519	1108	lneyiathnresgcar	1331	5.19
140.0	100	464	1203	asensotineradats	1646	8.29
140.0	120	588	1445	senirntseaisldel	1747	8.342
140.0	140	528	1942	eesepltreaiertnd	2257	15.892
140.0	160	367	1736	delisitcntaresep	2065	15.088
140.0	180	404	1583	eprtsaiectnssegt	1976	12.402
140.0	200	407	2293	bsetirtlseasrpdh	1804	18.846
140.0	220	470	2098	srepotalenissret	2922	18.611
140.0	240	410	1620	stndaeierlpsstop	1904	11.775
140.0	260	340	1838	gelonapetirssedi	2611	15.082
140.0	280	559	2321	tsrdorepetaltsib	2405	18.875
140.0	300	388	1943	soephtrssaiepltn	1945	15.646
140.0	320	553	1717	reitstrnlaesepmt	2148	11.446
140.0	340	326	1539	stoperasditltner	1955	11.308
140.0	360	596	3415	nedssiropaterels	2665	28.936
140.0	380	459	2632	nsespitrareacstd	2039	23.076
140.0	400	469	2313	sidrprseeatnslis	2286	19.6
140.0	420	429	2703	sclpeiaerntrased	2998	28.281
140.0	440	514	3906	rplcseaidrntages	3071	41.79
140.0	460	529	3482	serstalerintdesi	2850	44.763
140.0	480	561	3348	redgsinelatsperu	3104	37.245
140.0	500	539	2824	rditonerstasretp	1999	22.764
140.0	520	418	2489	glapenistretosad	2440	21.727
140.0	540	435	2139	stosalnrtieterds	1814	15.29
140.0	560	422	2901	srestnaletipsres	3232	27.469
140.0	580	578	3704	dnicetalsrepedis	3046	36.54
150.0	20	157	323	gelspaepstrdjeiu	1365	1.589
150.0	40	466	1189	rthseiatsdnlreis	1435	7.747
150.0	60	533	1145	stldtaeiperssnto	2042	7.823
150.0	80	533	1509	rsilenapnterlisc	1930	11.242
150.0	100	485	1788	pmlsiaenntresess	1788	13.495
150.0	120	472	915	tidehenutareseds	1470	4.742
150.0	140	616	1622	desttnriiaedpstt	2232	10.695
150.0	160	538	1785	etrssiaeendtgres	2177	13.57
150.0	180	473	1166	mstgeansrliestlr	1840	6.676
150.0	200	522	2184	serdtiselantwers	2390	16.249
150.0	220	410	1676	atsrnrediealstts	1996	12.726
150.0	240	642	2017	tsdiiaerrntegest	2077	14.808
150.0	260	569	2509	bastloteperidasn	2191	21.177
150.0	280	601	2885	sctseaieplrnsets	2890	24.833
150.0	300	539	2715	asedtniterasscep	2729	25.732
150.0	320	418	2301	gdesenirslatbres	2758	20.899
150.0	340	427	2483	seedtrntaiespldr	2564	22.019
150.0	360	513	2881	slpmteasiretcnsd	2516	24.136
150.0	380	443	2667	hrseetalenipsder	2763	23.086
150.0	400	425	3163	slngtiaeetrssroc	2486	27.476
150.0	420	478	1674	etumsrinpaesqultr	1842	11.928
150.0	440	440	2310	dlmdeaiertnsseta	2755	20.922
150.0	460	518	2241	dsnsmetiharescls	2206	17.666
150.0	480	413	3184	tcessratepindlse	2633	29.394
150.0	500	510	4114	plsreaiertndoseg	3080	37.772
150.0	520	427	3773	stisenaldrepatsd	3035	39.15
150.0	540	441	3716	stesantrreiatslp	2870	36.704
150.0	560	527	3058	salsnitederarspm	2744	28.44
150.0	580	566	3263	sedsliretantresi	2671	32.488
160.0	20	506	784	metpralsttisiner	1515	3.097
160.0	40	410	1001	erthlitesarstepw	1552	6.235
160.0	60	387	926	nsehtrtsoaieubld	1740	6.4
160.0	80	575	1226	quuladetseserepie	806	6.608
160.0	100	474	1057	osedrtnreacetsht	1720	6.485
160.0	120	556	1889	tsderelieapantsc	1789	13.091
160.0	140	565	1961	reessrvlieaodtsc	2057	15.678
160.0	160	619	1571	otsearincletseas	1711	9.372
160.0	180	331	907	qunuoaptrraesseda	1007	4.892
160.0	200	474	1655	aressitdlanevers	2362	11.906
160.0	220	458	1787	sengtirocatsbleh	2288	13.715
160.0	240	596	1845	dstnretenesagirp	1700	13.399
160.0	260	464	1810	dgnsserilatecins	2727	14.352
160.0	280	487	3094	esndrtieeatrblse	2524	26.766
160.0	300	564	2216	oiesnrtnteaidspd	2114	16.379
160.0	320	602	2420	pcsrlatederisgns	2349	18.404
160.0	340	507	3923	spislarncetedisr	2684	44.356
160.0	360	586	3152	lcseaierrtnasets	2390	35.687
160.0	380	519	2701	pletaranetissrel	2172	31.841
160.0	400	372	2291	tserlenicardstes	2058	25.693
160.0	420	666	3336	sertpansliteders	3091	37.811
160.0	440	457	3074	arespntlseiadtrs	2471	34.735
160.0	460	559	2602	sertntaiiledopsr	2130	25.147
160.0	480	521	2261	oserrtndeaiodspr	2271	24.313
160.0	500	601	5383	sldreiaetrntsges	2895	71.268
160.0	520	733	4523	plsreaiertndoser	2976	40.996
160.0	540	383	3511	pesplartteiesnds	2646	34.444
160.0	560	623	5007	sandliteparssedi	3046	55.661
160.0	580	485	3041	smrspaieeltnrsag	2931	26.077
170.0	20	367	577	rrwnesaetlbrsuot	1100	2.428
170.0	40	578	1090	crattiespnteeors	1422	5.309
170.0	60	612	1326	asiepltnoaeahcsr	1832	7.287
170.0	80	729	1739	slctetaharesqupst	1773	11.284
170.0	100	520	1186	rderetisalonpreg	1702	7.686
170.0	120	598	1706	sertlatetinsseri	2484	13.748
170.0	140	632	1398	rtrgesaeepelsris	1656	9.271
170.0	160	560	1445	easeltrnaeiondst	1891	8.948
170.0	180	537	1454	destpatglinesers	2534	11.507
170.0	200	614	2400	rtauesntpitelars	2461	19.269
170.0	220	545	2114	rsesetlpniaeasrd	2418	15.764
170.0	240	403	2208	rsnateishaltspre	2011	17.48
170.0	260	696	2675	masapirtlenesads	2513	20.753
170.0	280	588	2531	serdlatetinssero	2858	20.666
170.0	300	664	2839	deserntriaesslpd	2693	24.641
170.0	320	640	1526	tesisprteaorqudis	1239	8.104
170.0	340	660	3268	sedslirepantmesa	2670	31.62
170.0	360	607	2134	rlpeeaisstrdhoea	2107	17.978
170.0	380	708	3503	stlmeaeiprnssote	2428	32.81
170.0	400	717	3204	snidateslertspac	2487	27.275
170.0	420	488	2584	splseiaedrntsets	3158	27.126
170.0	440	627	3124	sdistrepetalsnic	3152	30.438
170.0	460	632	2732	drsnaetiltraseps	2249	23.777
170.0	480	728	3562	orepstalenismder	2875	32.236
170.0	500	598	4261	soernrtseiaestlb	2659	45.628
170.0	520	712	3517	setdnteserahspoc	2372	37.9
170.0	540	622	4838	sresenilgtapsrem	3233	52.94
170.0	560	412	1150	oaqusmitekeradspg	1147	6.266
170.0	580	664	2799	nseiertlrtassope	1977	23.882
180.0	20	618	954	etsaselrsovejlin	686	3.897
180.0	40	627	1275	lstiearecrtsuoed	1605	7.649
180.0	60	722	1574	sclpiaesstrpreio	1842	9.05
180.0	80	658	1204	hsespinrlarecets	2506	6.81
180.0	100	673	1885	drehaespstaiorel	1727	13.5
180.0	120	566	1224	quiecnsmnratipelm	1095	6.897
180.0	140	576	1806	esalltinaendrseu	1589	13.591
180.0	160	821	2132	recbsitalarsdete	2038	14.951
180.0	180	620	1671	dstseiaenrlpegos	2407	12.842
180.0	200	535	2142	silenetsdratspec	1840	17.823
180.0	220	599	1898	blstoaeertrdseti	1830	14.4
180.0	240	574	2519	alidstenoeasprtn	1888	23.182
180.0	260	562	2247	reiustrcneaedils	2221	20.817
180.0	280	581	1712	reespstntaridelo	1908	13.643
180.0	300	671	2783	siesprndaeoicstc	2125	23.542
180.0	320	694	2369	siestnrcieaedpst	2306	20.425
180.0	340	603	3609	dlppsearriteetns	2083	35.105
180.0	360	735	2097	quovidilerearstse	1548	13.605
180.0	380	477	2490	tsederipstalines	2562	23.818
180.0	400	631	2370	bpsdalecitarsnes	2873	20.644
180.0	420	576	2908	laosstrpteieesnd	2208	29.157
180.0	440	487	3411	sedatirenalsgepo	3088	35.064
180.0	460	596	3019	erstopenaridstes	2347	28.013
180.0	480	688	3186	asedtritelanspes	2899	30.76
180.0	500	674	3570	dlpseiaerntrueso	2918	36.154
180.0	520	702	4721	setslarrnitedesh	2418	46.745
180.0	540	577	3306	pesdlatetirsseng	2969	37.753
180.0	560	609	3784	tenistrsiaeompld	2476	39.189
180.0	580	628	2835	tsitunelorasscet	2230	26.238
190.0	20	555	881	sirdmteseasnrpoe	1406	4.73
190.0	40	634	1177	sinedersnolanaci	1116	6.17
190.0	60	628	1058	uabetorusentrtis	1283	5.484
190.0	80	651	1428	gmrdsaielttnvesa	1705	13.942
190.0	100	709	1856	terssaintlesbhor	1429	17.663
190.0	120	547	2018	destlirepaneestd	2941	22.921
190.0	140	607	1166	aptsrleratiatsen	1667	6.882
190.0	160	797	2637	agerctnssatiperc	2156	20.206
190.0	180	595	1557	sestspleeaincrts	2047	11.127
190.0	200	849	2245	setsrtinerahspsc	2265	15.744
190.0	220	827	2422	etsidrelenacstih	2219	18.544
190.0	240	728	2892	dertnilstapesers	2808	26.123
190.0	260	606	2796	mlstiaertnriseds	2482	26.167
190.0	280	718	2141	esectrinaltavesg	1719	19.475
190.0	300	510	2331	srocelamitepsnsr	2378	27.92
190.0	320	677	2745	terpsrateiesdvnr	2101	29.514
190.0	340	659	2386	sealrntseaieplrd	2798	21.652
190.0	360	674	2340	htresealdnisiger	1966	16.315
190.0	380	698	3281	stedlarssitorenu	2340	27.022
190.0	400	792	2714	piselantteresedp	2409	22.355
190.0	420	527	2473	seiaprtnoaetblsr	2444	22.134
190.0	440	732	2499	rsrdetaenilpsaps	2875	19.667
190.0	460	484	3133	tsodirepenalstis	2873	30.801
190.0	480	669	3015	pesaltrmiaeicsnd	2155	26.629
190.0	500	693	3176	dengtiessrprcoat	1961	24.102
190.0	520	645	2299	gtersnatelisdver	2468	19.641
190.0	540	706	3425	csldtaieenrtsres	2645	30.538
190.0	560	725	4623	restdlpreiaesnts	2856	42.577
190.0	580	624	2574	saesltrnteiarspl	2637	21.635
200.0	20	871	1453	igcashrstaetenda	1001	6.889
200.0	40	692	1293	etsrraieedlohsol	1374	6.99
200.0	60	658	1327	dhefcsalortpdees	1588	7.973
200.0	80	578	1675	gelanatstiresend	2440	13.564
200.0	100	523	1360	etamtrinsaedcprs	1925	10.33
200.0	120	815	2073	htctseasdireestr	1571	14.538
200.0	140	783	2677	ndtretessrapelim	2323	22.545
200.0	160	752	1591	shedaquestratselp	1201	8.359
200.0	180	597	2077	lacspenisrattdes	1934	16.089
200.0	200	691	1975	depsrilaeatestrs	2330	14.875
200.0	220	790	2951	sotspanelireestr	2460	23.916
200.0	240	669	2801	srrseateltnefisd	2168	22.68
200.0	260	744	2751	dsnoserilatepins	2650	23.364
200.0	280	593	2829	stnceeaidrplties	2488	26.111
200.0	300	680	2931	agessnirolatspes	2435	23.54
200.0	320	718	3401	rspldeiagntrease	2881	30.237
200.0	340	696	2251	tsaporetenilstas	2520	18.656
200.0	360	738	2907	apurinestrdtseap	1775	22.449
200.0	380	667	2930	rdrsseaepltnotis	2293	24.403
200.0	400	725	2818	drleeiasptngsore	2141	22.604
200.0	420	888	3111	tseterndpaielsts	2566	24.82
200.0	440	679	3050	ronseiteslaropst	2158	26.986
200.0	460	742	4333	dipsselaretigans	2847	46.361
200.0	480	630	1824	mryqueseltdateric	1182	13.588
200.0	500	714	3754	linspatesertrdis	2808	37.22
200.0	520	764	3319	desttiresalsrept	2386	28.545
200.0	540	584	3919	tsldeaieprtnoseg	2978	41.682
200.0	560	647	3070	derssrteesaldpim	2320	25.22
200.0	580	800	3579	satsrtleeeirdnsp	2292	29.246
210.0	20	798	1454	tasotretaisengls	1090	6.443
210.0	40	749	1296	sedonirbetacsrls	1781	5.616
210.0	60	821	1858	sehlrtceeoardmse	1642	9.621
210.0	80	748	1813	wsiglatnderesecs	1686	11.696
210.0	100	661	2276	lsgetardmetesins	1957	16.678
210.0	120	732	1671	vidrreseprtlosay	1582	9.663
210.0	140	647	1302	quhsdeaetllarpset	941	6.874
210.0	160	756	2311	atesrltreaiesgns	2646	16.942
210.0	180	706	1920	stngeaiorlpsdeah	2135	13.64
210.0	200	670	1477	iquodoeindsrsaota	590	8.14
210.0	220	738	2669	splseaietnrdseos	2716	21.954
210.0	240	744	2536	stitenerisapetsm	1739	19.751
210.0	260	772	3441	rdlbseiotarsscet	1987	28.582
210.0	280	817	2788	sanslitederarstc	2847	24.405
210.0	300	695	3635	atessntreiaedlps	3045	34.986
210.0	320	630	2531	tsedrniraetaptsl	2476	21.689
210.0	340	847	3038	opetsrasetilsned	2931	27.959
210.0	360	883	3178	pedslaretentrsis	2228	26.081
210.0	380	779	3345	lsndpieaartlstes	2555	29.604
210.0	400	733	3728	sdtsteiaerlnpseg	2346	33.495
210.0	420	889	3172	tniletassreptnid	2611	27.295
210.0	440	729	4544	sesurtnraietlpsd	2878	45.237
210.0	460	769	3613	dtlbseaiertsgnie	2382	32.148
210.0	480	869	2857	sodaierirtnesats	1972	22.173
210.0	500	557	4186	destritusaroleps	2393	45.915
210.0	520	745	2736	tindltegsarspeto	2388	22.507
210.0	540	848	4981	gntseaieplrdosea	3088	48.888
210.0	560	919	2484	maesgntresiarelc	2516	18.463
210.0	580	786	3827	gdrsnieaetlbrsae	2412	33.101
220.0	20	801	1290	leoldrbirealtste	1074	5.644
220.0	40	882	1409	esearalstitesere	1349	6.792
220.0	60	604	1080	arshoieocntrseas	1559	5.234
220.0	80	776	1718	esertntpsiasquler	1754	11.107
220.0	100	821	1987	dnnseiagstrbhael	2044	12.977
220.0	120	661	2340	smlsteaierntrseg	2234	19.294
220.0	140	720	1521	irtsgnaeetirrsat	1761	8.885
220.0	160	712	1880	opsrsorenetadics	1952	13.259
220.0	180	1000	2203	lnsditeiareslpsr	2046	13.972
220.0	200	716	2657	plttsaieterndseg	2383	20.751
220.0	220	680	2667	nesosirtdtaehesm	1954	23.154
220.0	240	894	2954	edescntreiaerslm	2475	21.794
220.0	260	993	3042	serstrceeaitplns	2428	22.203
220.0	280	859	2337	sdrsteteralnobia	1804	15.502
220.0	300	708	2587	snesodiperalstes	2828	21.628
220.0	320	754	3119	sresclatarintsed	2651	25.844
220.0	340	771	2417	deneristaetatsrb	1923	18.494
220.0	360	816	2664	ntedeitrslastper	2257	18.782
220.0	380	903	3663	atescrtnseaidpls	3110	32.522
220.0	400	793	2879	arsgdenilitegars	2384	22.101
220.0	420	695	2510	otedsnrseiaertlp	2853	20.657
220.0	440	950	2870	etossnrpieaeltsc	2458	21.197
220.0	460	700	3994	orebstalnetsdire	2470	32.2
220.0	480	751	2697	pstneaietlrdosec	2529	20.636
220.0	500	745	3418	steptraletissner	2588	29.47
220.0	520	776	3054	cblsoaetprtrsesu	2005	23.091
220.0	540	927	2518	tpelsradeietdgns	2306	17.229
220.0	560	753	4194	dstsperglanesits	3117	36.579
220.0	580	858	2815	srdsgeennlatsits	2167	18.789
230.0	20	732	1033	ucrsiaetdtseneru	1374	4.031
230.0	40	756	1269	pnsutitocaredets	1536	6.117
230.0	60	783	1727	tsesenitrdaroste	1943	9.622
230.0	80	878	1924	tistltnusaegpers	1898	10.611
230.0	100	937	1561	grmsqueatcrenfsta	947	6.775
230.0	120	791	1933	etsaenilgrapaesc	1898	10.984
230.0	140	729	1969	wltraiennsrdetea	1504	12.228
230.0	160	686	2583	serdlanecitssero	2735	20.158
230.0	180	739	1914	dresetapsrilones	2832	12.291
230.0	200	797	2016	rshcnetstiarslep	2161	12.469
230.0	220	722	2065	tnosirepetadisle	1845	12.819
230.0	240	807	2737	sdpsiaetrtnrseis	2086	20.353
230.0	260	643	2412	sandrtieerassdet	2352	3362.874
230.0	280	857	3173	mrngseisttalarep	2289	26.023
230.0	300	872	2886	costlateperirsng	2567	20.306
230.0	320	890	3144	mistdntesearrmps	2087	22.49
230.0	340	832	3182	snicerthtaeilsmr	2212	24.255
230.0	360	733	3057	blpsaierntrasets	2769	26.538
230.0	380	669	2441	stedtnrseaiesplc	2540	19.965
230.0	400	929	3974	spdsaierrtnasets	2682	34.189
230.0	420	799	3078	rtsianedileropst	2192	24.484
230.0	440	538	3341	sltspaieerndtset	2847	33.248
230.0	460	848	5270	rslpdeiagntrsaes	3155	50.706
230.0	480	794	3219	snometipcrasslet	2590	25.136
230.0	500	893	4508	sengliredatsresi	2746	40.809
230.0	520	971	3995	draletipsnesidar	2923	34.304
230.0	540	887	4575	epldsiaentrtreso	2679	42.781
230.0	560	802	3369	terssindlatepers	3043	30.027
230.0	580	995	4917	pasertirenemsdal	2150	40.028
240.0	20	757	1133	inswgtaeerticsid	1217	4.358
240.0	40	1003	1705	sigamdrteaegrsts	1169	7.518
240.0	60	871	1849	rtngsaispletdelt	1543	9.753
240.0	80	906	2225	edsnrliepatrseso	2162	14.275
240.0	100	588	917	dneseraprtilesno	2118	4.045
240.0	120	1097	2322	dnsteierrtaeeslf	2122	12.455
240.0	140	983	3111	srelitacanessrgd	2269	21.881
240.0	160	800	2334	amotsniseltrssae	1493	14.447
240.0	180	825	1849	rtseerntsiaeelpd	1908	11.573
240.0	200	842	2302	noicrstretaedils	1876	14.028
240.0	220	866	2522	tseppardlitesans	2615	18.522
240.0	240	804	1437	tasuretnquinavest	1196	6.683
240.0	260	846	2184	otersreselatgnis	2090	14.738
240.0	280	1115	3026	uorptseaeatsdrip	1590	19.343
240.0	300	848	2647	asettrnseaiespld	2914	19.748
240.0	320	873	3862	osedprtneaisslme	2861	35.045
240.0	340	787	2094	lstdeaenprissmet	2345	13.103
240.0	360	824	2543	osatrdenerisstam	2192	17.878
240.0	380	785	4037	sepstalenirtdesa	3116	35.587
240.0	400	857	2983	rendstieeralrdep	2538	22.14
240.0	420	792	3422	bepslaresitrgnes	2808	28.893
240.0	440	979	5207	resastipenalgred	2909	45.214
240.0	460	858	3394	setgrtnseaiesprd	2816	30.262
240.0	480	851	3411	sratditsmenesars	2266	27.334
240.0	500	752	2698	fatslirepenasdts	2565	22.782
240.0	520	901	3467	retscinelargsets	2545	28.662
240.0	540	952	3682	desolartcitemons	2338	31.151
240.0	560	471	3188	tdessratelinoved	2442	29.4
240.0	580	693	4114	ltspeaiesrndutes	2737	39.132
250.0	20	718	1047	ronsoieytlanusid	707	3.943
250.0	40	796	1553	eslcceraritepons	2003	8.385
250.0	60	839	1234	haquildraeaiesnst	901	4.962
250.0	80	828	1913	sderetalrnissoge	2137	11.455
250.0	100	817	1821	dlpseiaerstrdeia	2137	11.723
250.0	120	912	2994	hstdpaeilirndest	2514	21.318
250.0	140	1063	2218	lamieetssrnetaid	1768	12.116
250.0	160	937	1826	ciossltreaiedmnd	2033	9.157
250.0	180	863	2411	mlrspaieertntsoa	2149	15.427
250.0	200	916	2732	gailcrnaaetsdser	1864	19.261
250.0	220	1191	2476	esircnemratilesn	1462	12.34
250.0	240	741	3372	repssliaatrnrese	2132	25.595
250.0	260	920	3428	seesprtneaislgne	2337	28.8
250.0	280	967	2796	hcreeatasritunes	1788	18.337
250.0	300	852	2439	ecrgdeaestnllais	2013	16.65
250.0	320	853	2959	regssinalatepers	3068	25.18
250.0	340	804	2552	ttsmieapnrelgscd	2610	17.231
250.0	360	707	3003	snesitrpteaorslc	2438	24.956
250.0	380	980	2804	tadeserslinebatt	2370	20.459
250.0	400	979	3448	sreptlasenitgder	2763	27.4
250.0	420	987	3382	hestctrasaebmpld	2422	25.63
250.0	440	890	3625	sitslanemerdstes	2609	30.09
250.0	460	978	3601	atescrnreaiepstd	2481	26.488
250.0	480	788	3475	teitsnrdiaeeplts	2574	31.902
250.0	500	799	2922	reiasntletasdrep	2638	22.953
250.0	520	866	5494	aseptnaleritsdes	3115	51.694
250.0	540	698	1635	traquetidsnenulag	1488	9.404
250.0	560	750	3535	sedstinelartceso	2887	33.035
250.0	580	995	3246	detsmirelaneestd	2703	24.894
260.0	20	904	1240	srnxesaropitirse	874	4.479
260.0	40	940	1654	srinteaonstpleer	1269	7.369
260.0	60	881	1591	glsneaientrtdese	2214	8.203
260.0	80	1015	1811	desstartsilereds	2169	8.543
260.0	100	886	1972	silstaettrndseih	1916	10.89
260.0	120	867	2133	dilrseaeprtshose	1915	12.939
260.0	140	834	1919	rtngsaienlprgees	1986	11.015
260.0	160	709	1936	slespasrretegnid	1854	12.748
260.0	180	862	2769	csldtaieeprssret	2567	19.475
260.0	200	987	2564	gseptnaleritades	2985	17.523
260.0	220	827	3036	rlasepitsnerteds	2652	22.188
260.0	240	933	3171	sadeperslitesans	2909	25.132
260.0	260	764	1704	toutsprseaielltd	2162	10.114
260.0	280	1136	3160	rslseiapntresots	2583	20.805
260.0	300	907	2168	nldrieaesrtmetos	1934	12.641
260.0	320	1032	2879	retssratetieensl	1961	19.393
260.0	340	1016	2483	tobdsrnieaeshctd	1699	13.814
260.0	360	942	2655	dlasepitsrenrets	2546	18.271
260.0	380	993	3073	iternarssetipsed	2107	22.18
260.0	400	1003	3021	etossrngeaieptsd	2391	20.725
260.0	420	1093	2697	elpssiaentrcaest	2808	18.673
260.0	440	879	3882	wsedantrreiasdls	2557	28.196
260.0	460	904	4297	gerpnalesitstero	2694	35.197
260.0	480	810	3128	odessrilteaprtsh	2314	22.984
260.0	500	856	4134	tslpeiaerntrsecs	2954	37.793
260.0	520	913	3155	resgtintlaroseps	2829	24.593
260.0	540	1016	3159	gresaerdnteisisl	1840	21.144
260.0	560	834	3316	dlesenitrtaeesrp	2266	26.537
260.0	580	836	3055	coredrtseiaeslcd	2258	22.593
270.0	20	889	1447	egehsntsiaoejtrp	1136	6.015
270.0	40	787	1244	wsrolareteitsnes	1721	5.535
270.0	60	938	1542	itdiresiseamtlpb	1388	6.414
270.0	80	860	1949	dmspseirrdaehest	1303	11.093
270.0	100	915	1990	crtsoaenmrdisets	1697	11.62
270.0	120	719	1309	tedrsnesetiptral	2792	7.817
270.0	140	1043	2472	dtageinrrsteaesa	2003	13.445
270.0	160	810	2018	tlsraieertndseas	2552	13.605
270.0	180	979	1957	dseretigtranoesl	1969	9.62
270.0	200	970	2907	serdnrteeiasdtle	2268	19.371
270.0	220	929	2358	rdlseaietnrtsegs	2895	15.377
270.0	240	870	2346	werthaesstldreib	2083	13.924
270.0	260	1033	2575	ilsaltineatemrsr	1909	15.062
270.0	280	968	2817	drsoeilpntaeesrd	2690	18.638
270.0	300	964	3186	iredstilenapgres	3049	24.13
270.0	320	849	3163	sedirtloeatbwhsa	1734	19.796
270.0	340	901	2963	desorstrtaeiling	2001	21.035
270.0	360	879	1647	ddhcqueaslrtriaem	1007	7.596
270.0	380	925	3337	stnseiaedrlpresa	2838	26.097
270.0	400	966	4216	onessrtsdeaehcrp	2262	34.784
270.0	420	1059	3375	dseretabtrilsned	2611	24.513
270.0	440	1033	4391	tidsserapatelins	2800	36.401
270.0	460	924	3883	gsitentldeaesprs	2636	30.402
270.0	480	960	3181	setsstrneaiedlps	2959	25.462
270.0	500	1031	2147	nqunviredteatstse	923	10.363
270.0	520	894	2826	geesrntreaiedlsm	2780	21.375
270.0	540	967	4580	slpseaierntrstes	3232	40.146
270.0	560	1073	4137	isartnedetilsrap	2786	34.467
270.0	580	805	3220	rleteiasdntrsees	2298	24.933
280.0	20	1001	1642	trdoeiarslesatel	1232	7.044
280.0	40	911	1616	instouaedltrteso	1383	7.708
280.0	60	832	1397	acegsrnretaiedsl	1759	6.07
280.0	80	846	1601	tsedmrnteiaetslw	2312	7.992
280.0	100	1112	2047	snrraieslttresae	1970	9.651
280.0	120	1119	2341	linttaesserhfact	1756	11.568
280.0	140	1040	2247	stlpeiasrntrseed	2934	13.23
280.0	160	976	2408	retoslnspiaedrtr	2130	14.192
280.0	180	735	1223	mdrsfetatsiquenop	959	4.923
280.0	200	1142	2657	plioeatntrsesurd	2197	14.859
280.0	220	930	3001	bessalrtteaehsnd	1826	20.954
280.0	240	1112	4137	desrtiresaetmpls	2510	29.139
280.0	260	1046	3642	sensmirtpalesets	2540	28.548
280.0	280	1140	3235	hsepatilenarrste	2139	21.221
280.0	300	965	3453	elrdgaierntsseta	2540	25.344
280.0	320	861	2592	pedsareictrssoup	1663	16.991
280.0	340	1109	2909	dtnsseralitepans	2734	18.694
280.0	360	946	3773	asedrtnreaiescls	2746	29.735
280.0	380	964	2000	querqiteaunsteore	943	9.262
280.0	400	989	3354	ogesdnaletipsres	3028	27.016
280.0	420	840	3243	dsegerinrtadsehs	2061	23.86
280.0	440	1009	3213	sredteasnltpeise	2003	21.897
280.0	460	1012	3434	gerslaegstdnreio	2060	21.82
280.0	480	1001	2889	osegprinaetadtsr	2281	20.067
280.0	500	921	3825	satsprnieietdlas	2241	30.342
280.0	520	1018	3289	dlegecansrittpes	2601	22.981
280.0	540	1024	4145	itessnrpeiaedlts	3065	34.917
280.0	560	1016	3672	rdlmseiatnrtaese	2318	25.755
280.0	580	925	2629	rntseaieslrdopes	2825	18.39
290.0	20	1071	1785	roswseaserltnets	921	7.852
290.0	40	1067	1778	vathbleserinsate	1468	7.665
290.0	60	1066	1946	roertspneaimsrta	1513	9.321
290.0	80	1090	2050	gertlanepitssera	2888	11.158
290.0	100	920	1420	qusutniroealestws	1158	5.318
290.0	120	1030	2403	stnseiaeprlpsces	2678	14.552
290.0	140	1034	2082	dtsneliesardmtes	2213	10.36
290.0	160	1067	2080	esrdtreesatnplis	2405	11.804
290.0	180	1082	2632	ssthtaecerinrdes	1889	15.67
290.0	200	1110	3149	dtassengliremats	2761	20.694
290.0	220	1065	2639	tautsreselinetag	1716	14.755
290.0	240	1010	3191	hsedetinsralrets	2346	23.476
290.0	260	1015	2743	lgndeaiedrtsbesa	2437	19.17
290.0	280	1112	2587	esettrndaieastls	2316	16.803
290.0	300	973	3320	sltseainnrtesosr	2180	22.608
290.0	320	956	3092	tsedrprlieaontsc	2251	22.477
290.0	340	1147	2881	dstslercineaatsp	1868	16.763
290.0	360	985	3412	morasedtlitepans	2187	25.217
290.0	380	1020	3020	sretenisdtapselc	2408	20.684
290.0	400	1083	3216	gsietnlvieeadsrg	2065	21.323
290.0	420	896	3023	sremgtadenilsres	3025	21.948
290.0	440	894	2613	atrssreaeachlted	1672	15.433
290.0	460	1003	3430	frnseietsltropas	2180	24.599
290.0	480	1073	3762	adrsseeapltnoais	2427	27.834
290.0	500	1115	4425	setslanepirdsets	3136	36.515
290.0	520	1074	3677	merssatoltnsaier	2313	27.281
290.0	540	1030	4747	sresetaptnilsres	3194	41.853
290.0	560	897	3474	rseherclotaeinst	2047	24.586
290.0	580	1131	2918	ramptilssenardem	2345	17.736
