Param1	Param2	Boards Accepted	Boards Scored	Board	Score	Time
10.0	20	9	50	ffpoftndeeeirrsf	538	0.263
10.0	40	22	184	onhsutessretelas	1223	1.429
10.0	60	24	144	zedlrenoastuqtar	884	0.769
10.0	80	8	158	ponttiserecepmri	865	1.109
10.0	100	19	440	unesopatsrintsec	1936	3.999
10.0	120	20	349	sregetrdneasditw	1966	2.836
10.0	140	31	509	hseftertalessnid	1493	4.021
10.0	160	32	883	rlaneritstesinad	2214	9.168
10.0	180	26	876	slbmdelaretistns	2062	9.573
10.0	200	27	708	srtseaielgnriets	2268	7.068
10.0	220	55	1318	sltsateneridospl	2254	13.353
10.0	240	39	1312	anerstisetaldrep	2802	15.487
10.0	260	37	1251	pssreatelrinopsa	2425	11.109
10.0	280	25	1071	dstbeialnreigstd	2177	9.557
10.0	300	26	1437	siasrtngeaeitsrd	2240	14.953
10.0	320	24	878	sedmtireolatsres	2100	8.442
10.0	340	33	1294	rsedetintarssebo	2072	12.74
10.0	360	34	2111	sergltnaaiedsrts	2471	22.823
10.0	380	30	708	queslrteaainrdmst	1612	5.938
10.0	400	3	417	tquedtnchgraeetni	423	1.517
10.0	420	39	2372	pilddaseretrgnia	2236	25.337
10.0	440	28	1002	srteeiastnlpseer	2493	11.408
10.0	460	34	1285	redgsineltreeats	2167	12.357
10.0	480	24	1594	ralspetasirtgnes	2377	18.717
10.0	500	31	1820	tescrstoeaerdlps	2217	21.6
10.0	520	34	1547	speselarritecans	2359	16.444
10.0	540	34	1695	onsriteposalcrec	2244	18.368
10.0	560	45	2593	cplbaiaenrtsgset	2525	30.272
10.0	580	39	2965	stisenalerepdtsr	2820	33.363
20.0	20	14	77	estbiemariteswns	871	0.437
20.0	40	18	186	sedwmrnoieacrtsh	1381	1.348
20.0	60	26	285	haidpserserscati	1406	2.207
20.0	80	22	304	asodrtraaeeptshs	1326	2.388
20.0	100	32	553	tplsaenasritotes	2161	5.349
20.0	120	26	282	psndoeesgliranac	1310	1.987
20.0	140	24	566	neshirteetaldspi	1886	4.662
20.0	160	41	1091	rsacetertnissalt	2240	9.832
20.0	180	35	553	ergdaneeitsrdeao	1652	4.805
20.0	200	40	1123	tacsnilpetaedrsr	2283	10.568
20.0	220	35	802	grtseaietdnrstes	2331	8.712
20.0	240	43	1167	srtsteiarndlgees	2277	11.536
20.0	260	42	1338	toissrntpeaeolsc	2087	13.07
20.0	280	34	1210	ceesrgndeaietstr	2161	12.182
20.0	300	42	1006	htinsareletsdter	1918	8.251
20.0	320	39	1853	pitrsaretelsdipo	2305	19.503
20.0	340	30	1233	salentisoetnsrae	1731	10.052
20.0	360	59	1038	rstieracntelsils	2002	8.803
20.0	380	45	1919	ateslrtnseairdms	2342	22.947
20.0	400	33	1175	hseaterglanesitd	2522	12.482
20.0	420	45	1223	pesdlatesirtdens	2798	13.195
20.0	440	58	1900	sipstalenerodist	2710	19.558
20.0	460	41	2049	matslineseradtsc	2626	21.019
20.0	480	39	1728	plrtiaesntsogeru	2218	17.054
20.0	500	29	2280	sredenicgtassrep	2656	24.827
20.0	520	27	768	srtspledaeivstro	1746	6.339
20.0	540	37	2334	dlsreiaetrntased	2728	24.042
20.0	560	44	2300	ltsreaedmrinotse	2217	21.602
20.0	580	59	2753	aterstisenalider	2360	30.257
30.0	20	12	59	xmotegiwerncstah	846	0.277
30.0	40	17	144	tdgaoserrlatetin	1225	1.079
30.0	60	32	446	sedntirecalthenp	1841	4.112
30.0	80	60	523	rlshteatitrenesp	1826	4.803
30.0	100	21	293	gdtoeaenlsreping	1258	2.42
30.0	120	38	561	tlpsaieertnrdest	2287	5.637
30.0	140	51	715	rslaeitenaregtst	2022	7.516
30.0	160	56	1394	rdarseespltnraig	2245	15.536
30.0	180	39	1173	nblsreataterchsd	2133	11.796
30.0	200	71	867	srlsmetadiresaps	2038	7.982
30.0	220	30	593	desopertlatecsns	2207	6.592
30.0	240	47	2591	saegrtnreiaespls	3118	27.578
30.0	260	34	966	hersctnesarideta	1923	9.074
30.0	280	35	1496	anipetorsrespatd	1973	14.947
30.0	300	32	1005	snoceilsrateetsr	1994	9.536
30.0	320	39	421	dquoyaretetasgdih	782	2.442
30.0	340	26	884	tersnrdeieathcsn	1904	8.124
30.0	360	41	1225	trstaeildenarsts	1820	11.098
30.0	380	71	1648	heaistrneaesdlpr	2392	16.625
30.0	400	48	2524	costprteeaerltsd	2004	26.059
30.0	420	39	938	pnteesiratespltd	1724	8.22
30.0	440	50	2599	serglandpitesers	3278	27.145
30.0	460	80	2343	aledstireansrger	2412	21.189
30.0	480	38	2042	htlpseaensrditei	2354	23.549
30.0	500	56	2390	lpsriaepntriseed	2468	26.011
30.0	520	47	1769	slasiteperadrstn	2177	19.16
30.0	540	48	2027	gnabetilsatecors	2362	18.2
30.0	560	54	2272	srideaespltnosia	2658	24.465
30.0	580	50	3017	dilssetarseropac	2231	30.993
40.0	20	39	202	mniwsailptlnosed	987	1.145
40.0	40	65	308	dfhpreasetrtvsne	1083	2.094
40.0	60	47	424	iestrtlseeaodsrc	1722	3.634
40.0	80	42	502	mngaiaindrteoers	1683	3.686
40.0	100	50	491	eseldtapsrisrena	1834	3.872
40.0	120	42	502	pessnaterilretps	1805	4.041
40.0	140	60	988	srebecalhtspuser	1900	8.238
40.0	160	37	708	pstnoteeralriest	1385	5.945
40.0	180	59	652	mdpssaetitrssnec	1835	5.683
40.0	200	93	992	retssrnietapisel	2039	8.296
40.0	220	71	1007	gnsroeiasrtltaes	2224	10.469
40.0	240	28	896	cpshlateiertdnse	2149	8.874
40.0	260	42	1014	isedmtrlsiaegnst	2007	9.621
40.0	280	66	1705	rtnsseaietrlides	2106	16.039
40.0	300	48	1271	asedstineratrdes	2421	13.598
40.0	320	49	1119	repsditanerngseg	2287	11.073
40.0	340	63	1232	chsrstaeertldios	1933	10.874
40.0	360	60	3356	plmdiaeinrtsseal	2496	36.595
40.0	380	31	1075	sthsirecedalstep	2105	10.61
40.0	400	57	2157	setantrsiaeislpd	3028	26.819
40.0	420	70	1307	ntsdireiealmtspi	1985	12.625
40.0	440	60	2495	blpraiesntrdseaw	2892	26.975
40.0	460	17	565	quslbieearpstater	1364	5.165
40.0	480	46	1747	sensrtigeraldsep	2867	19.801
40.0	500	46	1845	edstileropaestts	2106	16.191
40.0	520	71	2748	senaritstalesprs	2476	26.536
40.0	540	63	3626	sresetiptnalsres	3232	45.778
40.0	560	50	1729	dalsnetisretepas	2151	19.439
40.0	580	53	1926	slesetarretiwsng	2017	20.395
50.0	20	50	143	osgssnetirinjlef	776	0.892
50.0	40	40	203	sesegnrtiraetldm	1612	1.463
50.0	60	45	333	bathoinelersgate	1601	3.048
50.0	80	61	385	sreselimetapdnsa	2060	3.696
50.0	100	72	743	eserltsdearodehc	1616	6.764
50.0	120	58	822	ridosetultrsbaeo	1720	7.008
50.0	140	39	520	ressdatoliresest	2110	5.569
50.0	160	82	684	sgspnrlteiaestrd	2302	5.179
50.0	180	78	1515	sepsnralgitedesr	2238	13.187
50.0	200	39	946	nsivotederanslig	2132	9.886
50.0	220	70	887	reslpnieeatdmsre	1863	7.461
50.0	240	137	1303	orecstasnetlride	2026	11.217
50.0	260	70	993	kcsealitetansreg	2175	8.718
50.0	280	68	1975	sersdntreiaerslb	2813	21.995
50.0	300	78	1394	deasstrtaieongns	2158	13.482
50.0	320	62	1278	osrdplesaeitsnra	2111	11.302
50.0	340	115	1704	resagrtlenaestid	2237	15.217
50.0	360	71	1531	stesentrraiemrls	2226	14.701
50.0	380	90	2283	sresentrciaetslp	2599	23.203
50.0	400	40	1493	mrstaiesltndsaer	2565	16.884
50.0	420	79	1561	rcsleratitensnsd	1959	15.227
50.0	440	120	2035	aegmrniasetldtes	2085	17.743
50.0	460	122	1527	sreletamtsiraned	2441	16.105
50.0	480	43	995	eslbriaeentrdtes	2465	10.162
50.0	500	62	922	rslgmerapatelsnd	2058	8.005
50.0	520	63	2959	plshiaettnrrseds	2789	33.009
50.0	540	126	2351	clpseaiesrndates	2912	27.1
50.0	560	59	2273	giesdntrseiarplf	2934	28.189
50.0	580	82	2692	deasrltrpaiesgns	2722	29.809
60.0	20	114	301	noreterscatosedh	1281	2.112
60.0	40	58	473	adsoerieeltsstat	1295	4.5
60.0	60	66	241	selttrtepasrcenh	1216	1.509
60.0	80	57	583	psthoresetadsmel	1844	5.388
60.0	100	139	602	rdlsleionartites	1693	4.611
60.0	120	98	459	featsrtsenieager	1646	3.445
60.0	140	79	826	inehprtsseairdlw	2023	7.699
60.0	160	77	902	sitslanemeridsto	2487	8.268
60.0	180	102	1190	teossntreaiebrps	2187	11.572
60.0	200	63	1125	stecserdlinebatt	2098	11.506
60.0	220	46	931	cntseaiesrmrptes	2346	9.584
60.0	240	102	1297	seaslrtdeaiehtsn	2085	12.04
60.0	260	114	1248	lepetarsseitrdns	2618	12.65
60.0	280	112	2396	smtsdiaeenrpstos	2581	23.845
60.0	300	63	1873	esrepatdlinesers	3002	20.445
60.0	320	164	1131	rsnmegaibltroase	1885	8.743
60.0	340	89	870	qupshelastretinst	1713	7.488
60.0	360	49	1895	blprsaestnrtieso	2305	20.051
60.0	380	100	1189	ietsstraainemgst	1937	10.999
60.0	400	60	1532	ostdpreoeasrlstu	1958	15.957
60.0	420	35	1599	tiesnstrueaorlps	2189	16.496
60.0	440	84	1475	slpseaoerntrsesa	2171	14.428
60.0	460	56	1811	slpmoeashcrttsen	2154	16.678
60.0	480	97	2168	sertpaselitsdero	2592	23.958
60.0	500	66	1893	tcrpsraeeitsdena	2352	19.591
60.0	520	70	2102	tsreeaitplnsoser	2145	20.075
60.0	540	65	1417	osesprtnaeiastls	2708	17.758
60.0	560	59	2370	dnereitssraltsep	2757	23.826
60.0	580	56	1897	psidutenorasspet	2504	20.161
70.0	20	41	159	iquedbtarasrcaleb	741	0.95
70.0	40	79	283	eredesintantsrgi	1323	1.711
70.0	60	105	566	slcheaisrntaiesr	1864	4.235
70.0	80	112	634	nhersitslartpege	1934	4.526
70.0	100	85	604	thpssaeerltrceis	1744	5.592
70.0	120	116	1169	hotgprnsaeiesttd	2157	9.972
70.0	140	178	1100	ednasiettarscepx	2024	9.504
70.0	160	104	1132	enalstisertstaeh	1823	11.883
70.0	180	105	1039	rtsdtaeilernpstg	2133	10.294
70.0	200	170	1272	gneseiatdrtlsees	2334	11.715
70.0	220	66	1179	drlceiaestnrates	2570	13.472
70.0	240	122	1034	meresaitltsnieer	1904	9.111
70.0	260	83	707	apetltsrseaenidp	1742	6.11
70.0	280	121	1661	rstanermgiaeslts	2204	14.617
70.0	300	92	1635	stlpeiaesrnstega	2625	16.81
70.0	320	112	714	equierstriaeshltt	1120	4.786
70.0	340	115	1919	lstlaieaprnsseto	2692	18.908
70.0	360	107	2266	slpseiaerntrgsed	3175	24.378
70.0	380	84	2180	sresedtlirasspet	2148	19.904
70.0	400	172	2034	singntreeaescdlp	2234	18.372
70.0	420	79	2329	snestriletapdnsw	2920	23.37
70.0	440	90	1535	sdetenrsgaiewsth	2230	13.564
70.0	460	71	3014	stilenapgrissdet	2881	33.591
70.0	480	88	2148	sgdsrenilatrpset	2494	21.106
70.0	500	68	2702	sepstralenicgdse	2524	30.657
70.0	520	83	3387	aniditepsrascetl	2196	34.617
70.0	540	65	2711	peasrpsruoettsrd	1654	25.671
70.0	560	67	1974	oiespltnseacdrhs	2328	18.372
70.0	580	90	3119	snsditeilarrdeps	2391	32.059
80.0	20	103	326	inslteitsranuecp	1454	1.771
80.0	40	154	517	setortblheaecpsr	1365	3.271
80.0	60	189	865	csttearelopsgvot	1121	5.562
80.0	80	136	539	stiteroninataces	1383	3.669
80.0	100	104	697	nuecisreteatdnsm	1340	5.418
80.0	120	111	412	sicsrnoeetrnsiat	1280	2.263
80.0	140	118	1002	rclsseaintreiohs	2022	8.749
80.0	160	90	938	sobaprlieaedttse	1747	9.05
80.0	180	162	1297	selsniragatestsh	2117	11.434
80.0	200	100	1424	sdeterettnassilp	2473	15.789
80.0	220	205	1302	detoinrslaeeestr	1989	12.634
80.0	240	89	1604	ttlssaecpernrsti	2171	16.842
80.0	260	136	1797	stdlneaeairpstsa	2072	17.103
80.0	280	320	2134	sntdiaestrlcseap	2626	19.228
80.0	300	88	1180	ntsraiedlgntdera	2108	11.102
80.0	320	274	2080	dtseeiapsnlrites	2520	18.495
80.0	340	145	2167	dpseelatatirsnes	2930	21.903
80.0	360	114	2312	epsraledstineras	2532	24.024
80.0	380	170	1504	rstcdealtrepsbos	1991	13.248
80.0	400	184	3306	desatnrteaieslps	3048	37.721
80.0	420	168	1228	sidsrledetartpsw	1753	9.701
80.0	440	134	1405	trmseiaestngresi	2349	13.88
80.0	460	127	2651	splreaietrnduseg	2757	28.154
80.0	480	172	2214	onedistitarslepo	2145	19.469
80.0	500	163	2144	seedtrnteaissmle	2661	21.092
80.0	520	115	2672	rstpseeadntroias	2079	29.244
80.0	540	87	1700	rsedetinurasobet	2442	18.388
80.0	560	230	2694	hsdtceretaerslps	2449	24.604
80.0	580	127	1863	otessrndeaiertsr	2353	20.818
90.0	20	178	529	lirtfateernssitw	1088	2.904
90.0	40	250	972	pnecestlpieaarts	1364	6.659
90.0	60	103	592	dlcseairrtneseti	2044	5.065
90.0	80	85	921	dnshetacsrildpes	2224	8.14
90.0	100	206	999	sdthciesmltrlias	1254	6.272
90.0	120	92	913	bdlbaeiatrstiset	1925	7.082
90.0	140	256	1358	setirsnreiaedlst	2519	10.571
90.0	160	167	1103	splcneasirtdtset	2135	8.723
90.0	180	310	1803	uospbtrieatersls	2135	12.843
90.0	200	151	1236	strsieagsrenetid	1873	10.131
90.0	220	243	2009	etsodirpneaestsl	2428	16.603
90.0	240	171	1675	tstseaiedlrniosg	2442	12.873
90.0	260	204	1586	gesarntreaietlps	3005	15.639
90.0	280	225	2400	gisenrtseaeistld	2179	23.387
90.0	300	63	2435	sdispertlatesins	3006	32.824
90.0	320	258	1757	rdeseritscanalet	2453	16.248
90.0	340	311	2183	sensrtaioptrnsed	1954	15.17
90.0	360	146	1048	quialntrssesenido	1518	8.012
90.0	380	148	1736	seerdtnsteaisrlp	2295	15.548
90.0	400	173	2425	anetgrissealhteb	2349	21.882
90.0	420	237	2143	quslptiaearntsges	2578	18.612
90.0	440	344	2769	dsrenelptiassret	2605	23.894
90.0	460	159	1839	sactnerstipesald	2639	16.762
90.0	480	176	4667	senalitsparesedr	3022	49.159
90.0	500	138	1305	snesgriteladsper	2879	11.948
90.0	520	143	3158	stlseiaerdnrsetg	2874	28.773
90.0	540	157	1872	espltriaenetudst	2168	15.759
90.0	560	169	2840	etlpsiasnertgode	2177	23.36
90.0	580	287	1865	sclseiaerntrdeso	2979	15.092
100.0	20	48	128	streeiseralawogf	1194	0.744
100.0	40	296	693	dnsteiaemrtscaea	2074	4.346
100.0	60	293	910	dnsdaeitrstaater	1611	6.402
100.0	80	213	967	tsrteatenilstsac	1760	7.173
100.0	100	220	1362	eridstemirasanet	2042	14.69
100.0	120	309	1038	caectnrteiaesdlp	1707	8.531
100.0	140	175	962	limdtsneeretidal	1611	7.032
100.0	160	290	1038	yrdvtaiesetsbrof	1405	6.896
100.0	180	214	1138	resrlinepatiorsh	2137	9.544
100.0	200	199	1479	lprgsaeetnrstedt	2074	12.722
100.0	220	296	1396	detssoranipegers	2209	10.09
100.0	240	265	1727	srametilsnectras	2530	13.718
100.0	260	321	1627	castretesilaagns	1986	12.463
100.0	280	264	1864	rstlheaestrppuos	2167	17.095
100.0	300	276	2164	dtspseralitefans	2723	18.545
100.0	320	275	2226	sitdgresenalstib	2955	20.093
100.0	340	160	1397	edrsseiatalenips	1913	11.742
100.0	360	73	1665	matspireselctars	2313	17.303
100.0	380	346	1903	clmseaiesrtnreas	2626	16.805
100.0	400	254	1926	spesarlbetaehstn	2011	15.012
100.0	420	164	2062	staeenrtrgiaselm	2298	19.007
100.0	440	248	1750	sdesarntteiaeslp	2730	16.468
100.0	460	166	1109	gnehasislratcquel	1283	7.026
100.0	480	195	2738	sesontrpaieaplst	2673	27.592
100.0	500	300	2617	splseaiedrtnsets	2981	24.872
100.0	520	171	4106	idessntreiaermlp	2812	39.362
100.0	540	297	2382	sarsbiteplntseas	2260	17.773
100.0	560	354	2557	splseaietrndstes	3155	22.843
100.0	580	219	4147	hsedetalsripgnes	3168	43.928
110.0	20	37	104	aarhtsecjeandort	846	0.561
110.0	40	295	787	dertnisrotaeoats	1403	4.458
110.0	60	302	1241	nresdesnmetisara	1649	8.409
110.0	80	285	1226	cterirepesamstin	1884	9.255
110.0	100	249	1376	rtshieaesnrlgtes	2180	10.667
110.0	120	199	818	cpeneratnststier	1824	5.795
110.0	140	240	1433	aicartnteaselptr	1673	10.975
110.0	160	135	1061	seetrnvreiaestls	2358	9.044
110.0	180	332	1820	stamrredetilsnas	2341	15.115
110.0	200	336	1704	serspatelinasemc	2652	15.543
110.0	220	411	1741	aesgblrneaiestnd	2367	11.882
110.0	240	244	2254	tsitoretelasspcs	2002	20.814
110.0	260	284	1996	aisdtrepetalsnic	3034	17.987
110.0	280	305	1523	saistnrtdeaeplsc	2373	11.958
110.0	300	410	2216	lerssaeictndseig	2097	17.347
110.0	320	326	2120	peinsrteetasdlim	2181	17.453
110.0	340	291	2908	sierpltsorasstec	2162	23.27
110.0	360	303	2757	deptrisaretrstno	1847	21.127
110.0	380	356	3176	tsedirecenaltsip	2410	28.939
110.0	400	252	2061	dmteeiassrngated	2529	17.011
110.0	420	299	2118	misdgretenalstis	2763	17.476
110.0	440	261	1576	sermplaeainsster	2532	12.27
110.0	460	451	3120	renssatoliredens	2509	24.889
110.0	480	194	2364	petslarecineestd	2767	22.62
110.0	500	187	1325	gdesenittralseps	3157	11.912
110.0	520	227	2690	gestnlpriaeirtsd	2455	22.831
110.0	540	325	2702	dgsonertitaetlsp	2388	22.334
110.0	560	189	3287	reigstrntaeiedps	2209	32.232
110.0	580	295	4973	serglanepitssera	3357	49.986
120.0	20	78	146	evtvooeahlrsqueet	573	0.617
120.0	40	254	731	bptslaeternidysa	1460	4.211
120.0	60	369	830	egetsrasotelvnie	1621	4.685
120.0	80	363	798	isrtteenatidsrew	1503	4.007
120.0	100	391	1082	rscspaerolenrsid	1253	5.894
120.0	120	337	1347	geissneditarylso	1975	9.38
120.0	140	449	1824	detasnrstieaatcd	1895	12.97
120.0	160	266	1631	stlbeaisrnettisr	1983	12.567
120.0	180	391	1974	anhsiteperaldstb	2199	16.725
120.0	200	250	976	sdnrreeitalpsibs	2098	6.717
120.0	220	286	1969	tepssaroniltdesy	2541	17.642
120.0	240	274	1692	eshdlatetirosens	2394	14.691
120.0	260	472	2186	gnresitsdalirepm	2067	15.229
120.0	280	338	1481	sngleaiemrtsoude	1981	9.914
120.0	300	408	2380	enilsrapatesenit	2213	21.657
120.0	320	367	1608	tersstrdeiaednts	2413	13.387
120.0	340	286	1243	srenatistletserd	2066	10.407
120.0	360	429	2856	steserapdnilagse	2549	25.817
120.0	380	323	2023	banertissetldals	1866	15.619
120.0	400	301	2459	slisetansretochs	2243	22.111
120.0	420	225	818	tegilsnequiteears	1311	4.372
120.0	440	206	2482	slecgnareditsres	2775	22.882
120.0	460	394	3686	dstereantridosel	2189	36.059
120.0	480	371	2469	setslrineaedtsst	2038	24.519
120.0	500	360	3560	splspeaiartncsed	2847	34.853
120.0	520	274	3003	sapireladitsaner	2301	26.287
120.0	540	469	3198	rdngseaiprtlcaes	2548	27.757
120.0	560	174	2266	asactrepenissdat	2313	18.58
120.0	580	306	3496	hredetinsatspore	2304	31.051
130.0	20	169	279	cetursnhdedhtwal	450	1.086
130.0	40	450	1137	setlrtaeaisrpsnu	1661	6.553
130.0	60	260	602	wodsrateteripsnqu	1483	3.346
130.0	80	368	850	wpqugjsarrteedepn	510	3.514
130.0	100	328	1478	rtlpeiaesrtsated	2177	10.978
130.0	120	478	1604	pemisarsitetsnad	1993	9.984
130.0	140	316	1110	eieotrntsaiselpm	2077	7.607
130.0	160	417	1534	pdstareretansliv	2046	10.22
130.0	180	484	2002	sootplrseaeirstn	2048	15.191
130.0	200	216	1798	gesentrsaieabldr	2386	16.462
130.0	220	394	1215	tplnsaieetrdires	2366	8.285
130.0	240	321	1836	sredetifslarised	2145	13.666
130.0	260	340	2436	saestnlpeiaesrts	2629	20.349
130.0	280	223	1623	sedstnrpeaieslts	2686	15.282
130.0	300	384	2260	eniosetrrtaeocsd	2048	16.817
130.0	320	380	2627	serstnapatilsres	2908	25.086
130.0	340	394	1999	orelstapensmarie	2127	15.985
130.0	360	236	2353	atessripenaldtes	3048	23.401
130.0	380	445	3309	blegpandsiteters	2474	27.581
130.0	400	299	3627	desonirpstaeresl	2722	31.775
130.0	420	471	3484	capssiretentlaso	2743	30.793
130.0	440	293	3486	dtrsseteralscepo	2277	32.315
130.0	460	432	3695	esnglitetarssemo	2742	33.417
130.0	480	464	3606	sensrtimeraltsep	2643	33.113
130.0	500	340	2449	gnesiripetadtser	2409	24.06
130.0	520	518	2073	stdsperglanesits	3190	15.893
130.0	540	289	1227	trequehseetalsreg	1184	7.636
130.0	560	352	3991	strgniaeetlssrop	2535	34.263
130.0	580	350	3594	dergsenapitslare	2956	34.23
140.0	20	521	937	kiterenrtseawagr	1076	5.573
140.0	40	247	714	dtsheiaprnlecest	2112	5.109
140.0	60	387	989	serscoterasswety	1305	5.799
140.0	80	436	1074	srcleaekntldisip	1778	5.907
140.0	100	325	1334	pertlatesinsregu	2695	9.995
140.0	120	442	943	ilansmedreiretsp	1503	4.784
140.0	140	388	1879	seisrlvrtaeestnd	2008	13.507
140.0	160	413	1952	rblsoeaidrstties	2041	14.117
140.0	180	506	2952	predotissnalerec	2428	24.174
140.0	200	491	1737	setolarsminesagd	2379	11.797
140.0	220	392	1993	snergtisraleseps	2327	14.937
140.0	240	419	1961	dtscseaerlprlios	2040	14.589
140.0	260	376	2128	sedstirpnaledesh	2605	16.521
140.0	280	391	1751	asnsliaeedrtsres	2076	12.429
140.0	300	599	2772	telosarsmitedena	2661	21.768
140.0	320	529	2394	esidrtensatsmipe	1964	16.978
140.0	340	374	2270	dntsieapsriloten	2153	17.738
140.0	360	393	1833	sphsreaceltrdise	2195	13.54
140.0	380	260	3495	slaseitrranegeds	2480	32.431
140.0	400	522	3637	esrapatilenedirs	2257	31.117
140.0	420	449	3154	saesctrpteiasnds	2360	28.556
140.0	440	379	2413	cnseiretatadlsel	1921	19.942
140.0	460	416	2878	osndtreieathpsce	2173	24.039
140.0	480	591	3507	linspateseritrds	2812	30.742
140.0	500	284	2267	retasangtireseds	2299	21.04
140.0	520	381	3795	diaperltsaesthpd	2035	32.583
140.0	540	414	2420	isnquletiharectsr	2065	17.261
140.0	560	479	3414	slasepitarenctsg	2857	28.42
140.0	580	382	2739	gansretiseladips	2847	24.212
150.0	20	424	825	tpamositeresdpan	1328	3.91
150.0	40	391	850	raquanerctateossb	731	4.564
150.0	60	365	1298	detnsiralaeiestn	1532	8.377
150.0	80	438	838	dearostirenabust	1257	3.863
150.0	100	452	1376	dlsoetahsricapen	1954	8.596
150.0	120	554	1942	osnomitelarssepo	2359	13.236
150.0	140	465	1769	sesartneaiesslpr	2392	12.876
150.0	160	469	1665	partdensritesalr	2080	11.37
150.0	180	471	2406	otelsrideaenlpts	2527	18.295
150.0	200	515	1990	earelrtsaieapsnd	2175	14.652
150.0	220	529	2259	sttseiaenrlbgsop	2745	15.723
150.0	240	452	2066	sgerinatelissred	2594	16.068
150.0	260	553	2099	snrseioecrtlasae	1995	14.127
150.0	280	604	1946	depseratstierens	2311	12.985
150.0	300	487	2779	perssatelintdeso	2841	23.453
150.0	320	415	2943	esndcitelarsdepe	2667	26.668
150.0	340	646	2999	ngldiaesmrthresc	2196	22.125
150.0	360	405	2327	penssitaatrpleso	2202	18.801
150.0	380	484	3167	splseaiertnrsges	3398	26.627
150.0	400	433	2305	sldsgaernetarist	2067	16.546
150.0	420	527	2752	blsdaieantrpteso	2680	23.616
150.0	440	571	2123	dtasselgriniveta	1871	14.328
150.0	460	301	3186	slpeeiasdrtesert	2594	29.509
150.0	480	492	3296	psndeaieltrsseat	2593	29.576
150.0	500	484	2980	sdoranesetipsral	2993	25.453
150.0	520	566	2673	sredelinpatehsrs	2696	19.638
150.0	540	461	3110	slpstaererchsdes	2292	24.703
150.0	560	519	4110	oresslinepatdres	2849	36.851
150.0	580	450	3991	useptralenitgdes	3122	37.334
160.0	20	700	1146	lgocenresiedatzt	813	4.176
160.0	40	613	1273	testcinelartsetn	1752	6.445
160.0	60	562	1237	vetslirdseaehtrh	1422	6.018
160.0	80	643	1564	csrsoaleeitpsnas	1630	8.269
160.0	100	605	1848	gnmseiaerstrtets	2036	11.895
160.0	120	580	2046	dloheiacnrtsseeh	2350	13.352
160.0	140	553	1596	snertitslaresepg	2455	10.484
160.0	160	693	1774	lrtdpaesstinerop	2077	9.791
160.0	180	591	2764	ttegesardetirsnc	2021	20.174
160.0	200	645	2198	sredemtnatissler	2326	14.435
160.0	220	526	2558	etrcsraeeitsdnal	2425	19.31
160.0	240	697	2274	resotrntaieaspld	2492	15.479
160.0	260	621	1878	quarwmtseeitersin	1140	10.283
160.0	280	457	2695	sousrltreaiegnsd	2699	22.37
160.0	300	520	2400	seustnrteaiedsld	2692	19.485
160.0	320	470	3232	rtsplaereinedstd	2053	25.741
160.0	340	540	2644	srnoterscatelind	2167	21.086
160.0	360	459	2829	slorenipetassret	2304	23.228
160.0	380	425	3550	dplsseaccrthites	2230	30.041
160.0	400	647	2938	esaplttraiesnmnt	2006	20.214
160.0	420	521	3180	hsdtterinamegils	2334	24.649
160.0	440	540	3437	serstrneeaitplsp	2856	30.624
160.0	460	784	3407	esaerptrseiatndl	2349	25.379
160.0	480	632	3554	dremelapstisreng	2613	25.989
160.0	500	415	3896	sedrrtneeaissplt	2752	37.32
160.0	520	607	5261	saesgntrdeiarslp	3155	44.086
160.0	540	569	4822	oseaplrdeaiegnts	3088	45.476
160.0	560	412	4891	oserplrdeaiegnts	3007	47.952
160.0	580	604	4782	setsntreeiaprdls	2769	43.466
170.0	20	352	600	ytasenstrsieaild	1210	2.776
170.0	40	567	1252	steddnaseirtrmow	1412	7.055
170.0	60	708	1809	msneaitdltaeesrc	1901	9.701
170.0	80	482	1375	hlasaitrmenetsra	1526	8.32
170.0	100	420	1109	snapetisaregsdin	1999	6.909
170.0	120	533	2044	gnaletissreponah	2269	14.486
170.0	140	588	1737	pesctalprtiasenm	2118	11.103
170.0	160	744	1894	orepsnilteashrth	1986	10.769
170.0	180	626	2370	fresetrnsaieledl	2162	17.124
170.0	200	696	2189	psnelatiieredtso	2078	13.847
170.0	220	628	1586	ntaboetlsresedap	1783	9.053
170.0	240	757	2547	oticsnelerapitsm	2488	17.72
170.0	260	553	1552	hsnitetaralssepi	2186	10.241
170.0	280	705	3035	sepsdraletiesend	2424	21.788
170.0	300	639	2503	staeeirpnteosrsn	1851	18.148
170.0	320	543	3722	segstanelirtcese	2514	32.654
170.0	340	673	2592	patssirenecaditn	2144	19.79
170.0	360	564	1489	ssiquyltdleaetrsp	1292	7.432
170.0	380	715	2937	rgnseaiepltrseas	2914	23.959
170.0	400	518	3098	esaltritonessgat	2204	25.386
170.0	420	644	2633	tsetirapetilsned	2612	23.409
170.0	440	594	2467	sresenaletipssam	2523	20.914
170.0	460	510	2580	litdpanesirsteta	2485	22.394
170.0	480	264	1776	drspetalsnitores	2985	15.47
170.0	500	576	3374	gnlseaitsrteders	2425	28.849
170.0	520	748	3294	snesiteleracrsti	2234	25.061
170.0	540	568	4036	dsnieitelarsspet	2605	36.847
170.0	560	751	4548	sergtinasatspreh	2459	40.051
170.0	580	629	3598	elspdiaeentrrses	2654	32.002
180.0	20	714	1203	egtfaetorsiruneb	780	4.646
180.0	40	534	969	entedtiairemasol	884	4.232
180.0	60	631	1677	disttenasarcepeh	1608	10.131
180.0	80	567	1736	setgsleterasdvih	1518	11.221
180.0	100	690	1973	crmseaedrtlosabs	1705	11.585
180.0	120	637	2324	stdpleropasecstr	2031	16.631
180.0	140	629	1492	dniatetrrseanepl	1776	8.861
180.0	160	589	2148	dtsbeialnrepotsd	2607	14.479
180.0	180	590	1975	clpdiaeintrssetp	2986	14.076
180.0	200	627	1940	brehesacgtilsned	1938	12.152
180.0	220	631	2045	tslpeiaenrtssooh	2459	13.267
180.0	240	522	2473	smpsiealrnetotsr	2150	18.403
180.0	260	563	1957	osetprtreaeslnch	2055	14.546
180.0	280	559	2927	snaletiptresacrd	2782	24.919
180.0	300	514	2712	saesptrtsiaeendl	2320	23.083
180.0	320	491	1290	quplssiaeasrtbeth	1191	6.871
180.0	340	769	3136	dtspenaeerilstoc	2530	22.58
180.0	360	586	3181	rdeseripstaleseb	2716	28.542
180.0	380	660	2713	resedrtnieaisplt	2730	21.374
180.0	400	568	2677	onestsiteralrdep	2658	22.002
180.0	420	620	3263	parssetentlroias	2230	23.865
180.0	440	639	2740	idsrarebetalshce	2353	21.11
180.0	460	601	2572	ctsrrlneeaigstms	2378	17.224
180.0	480	596	4142	denscitelarssepo	2989	38.361
180.0	500	691	4015	scisenaliteparsd	2814	36.048
180.0	520	676	3590	atessltreaiergns	2789	29.442
180.0	540	512	2006	cstroaeilrndsets	2501	15.085
180.0	560	672	4188	sensliramatedest	2562	38.719
180.0	580	754	2742	stngaieaplrsseet	2856	22.222
190.0	20	639	1152	cewssaiktnrtrser	1011	4.804
190.0	40	478	1286	totscaretenrlsdi	1534	7.88
190.0	60	751	1713	aseegntrseiardsl	2243	9.331
190.0	80	636	1307	pdoceratstesinor	1894	7.094
190.0	100	695	1318	aseyquesnmtiasale	712	5.74
190.0	120	543	1238	lpdriaesentidigt	1499	6.204
190.0	140	638	1479	dasnterocatehins	1928	8.592
190.0	160	758	2609	cspharedelanstig	2232	17.936
190.0	180	631	1949	bdtheaetsrnstier	1826	13.013
190.0	200	701	1704	desarntreiattslb	2174	9.736
190.0	220	773	2216	dpldeiaestnrates	2772	14.59
190.0	240	804	2631	seehnrtseiaestld	2531	18.051
190.0	260	624	2581	drsgperelatesins	2783	20.199
190.0	280	777	3246	rdiserepstalenic	3030	26.434
190.0	300	732	2627	sapstredetindsal	2409	19.318
190.0	320	687	2543	arshitacsnelerds	2075	17.015
190.0	340	486	3248	sepsnaletirosest	2734	28.908
190.0	360	474	1091	quseyhsaletewnrad	1082	5.399
190.0	380	694	2492	serstaeiilpdsoes	1975	16.559
190.0	400	485	2639	anorhtessertpala	1646	19.544
190.0	420	597	4463	dentsitelarsdepo	2886	43.813
190.0	440	672	2963	perosaltstisrena	2227	20.439
190.0	460	590	2387	esaltrpcaiesstnd	2545	18.482
190.0	480	576	2757	palsriteetnrseos	2322	22.332
190.0	500	795	3095	scaehlrtoiesnstd	1830	20.22
190.0	520	678	2872	sarogtibenalsres	2577	21.809
190.0	540	787	4008	plsraieartndtesi	2873	35.3
190.0	560	724	2498	srmsteapsntldeis	2273	17.798
190.0	580	778	3915	dtsceiaesrnrpted	2420	33.911
200.0	20	669	1143	ratisenetiesontw	1080	4.88
200.0	40	633	1607	isarstewreihalns	1038	8.732
200.0	60	629	1101	asodsrepetaltnit	2458	5.772
200.0	80	690	1353	sitslanemersbito	2038	6.688
200.0	100	729	2072	tresanapstileres	2707	12.942
200.0	120	738	1395	stmdeaiedrnsceta	2450	7.171
200.0	140	658	1845	scrbteaertsdoset	1736	12.131
200.0	160	619	1095	sdmudtsiaetqucrre	712	4.411
200.0	180	739	2495	rstsseapdrelents	2024	17.021
200.0	200	793	2421	desartnreaieslts	2843	16.264
200.0	220	942	2223	ntsdeiaesrtltous	2247	12.891
200.0	240	744	2858	aseprtlreiaesngs	2732	19.674
200.0	260	863	2084	ederlinslatepsrg	2525	12.273
200.0	280	630	3022	gardtnesetipsral	2845	25.358
200.0	300	580	2165	rstoetrnsaiegnms	2031	15.932
200.0	320	803	2043	setoltrsoaerspid	2201	12.101
200.0	340	776	2672	testsarepilereds	2348	20.374
200.0	360	721	2627	rtlbseaednrscoit	2124	19.205
200.0	380	661	2304	gderenisrtalsetp	2541	16.767
200.0	400	695	2907	otrssrepeialdtsc	2411	21.86
200.0	420	748	3869	stesantrreiadspl	3053	32.612
200.0	440	800	2753	tesesartlinseder	2098	18.347
200.0	460	753	1810	upalqutessesrlore	800	8.309
200.0	480	818	4318	spaserittnedaser	2629	36.508
200.0	500	651	3671	sipltrasenetdsid	2510	31.778
200.0	520	749	2947	draleitssnaegtrd	2312	22.239
200.0	540	740	3857	retssratelinpdes	2360	31.726
200.0	560	717	3812	detsgnseaiermrts	2191	31.216
200.0	580	714	2919	gndriresetalsnid	2424	23.03
210.0	20	722	1186	nednametsorstape	966	5.213
210.0	40	632	1221	tpreoitsnlaeserp	1710	6.332
210.0	60	794	1602	sgisgnatilerfers	1970	7.3
210.0	80	715	1467	wmldcaeshtrpseni	1703	7.331
210.0	100	770	1914	tesbsirtlenogats	1747	11.327
210.0	120	658	1842	oplsstaeiertdnso	1978	11.905
210.0	140	490	958	osenqurtiiaehsels	1151	4.482
210.0	160	730	2583	rsdnteaistrpneis	1928	18.134
210.0	180	798	2211	dshtteacsrelerps	1920	12.828
210.0	200	775	2392	ltsreaegprndstie	2158	15.583
210.0	220	720	2547	gestnrtsaieaptld	2339	18.866
210.0	240	755	2020	seesnrtnieaitspl	2435	14.339
210.0	260	782	2058	desohalpstideren	1984	11.684
210.0	280	806	2889	seastrtneaieplsd	2722	22.669
210.0	300	612	1941	panslitemeradist	2665	14.0
210.0	320	879	3208	desnltriuatepser	2143	21.676
210.0	340	675	2385	sisrplteeaetrdsr	2080	16.198
210.0	360	825	2341	drseepettlanaris	2037	15.2
210.0	380	914	3041	dsegertntaieslms	2657	22.36
210.0	400	894	3645	srapeteltsirenab	2340	29.382
210.0	420	718	3198	sarspitereniseds	2624	27.564
210.0	440	823	3025	dsrmteienaldbiso	1859	22.225
210.0	460	790	2931	densmitenartsges	2511	21.759
210.0	480	779	3791	slmseiaetrntsaes	2671	30.804
210.0	500	597	3278	denscitelarssepa	2785	31.009
210.0	520	898	3419	slesiatrtnresegd	2742	25.096
210.0	540	778	4394	brtseaiegndrsees	2571	37.215
210.0	560	797	4066	dntsseiatrlpates	2857	34.003
210.0	580	844	3348	smlseaierntrgesa	2964	28.51
220.0	20	755	1190	demesirmstaemest	1550	4.798
220.0	40	799	1412	smiaparsletetsed	1860	6.398
220.0	60	770	1529	hlahseitrnsetedt	1371	7.064
220.0	80	814	1749	sesquctresainoled	1541	9.109
220.0	100	745	1937	msestatrrinergst	1751	11.38
220.0	120	880	1647	fltdseaednrssuot	1781	7.809
220.0	140	869	2376	crsgarenetidtsem	2089	14.653
220.0	160	742	2219	frtseinrslaeopts	1939	13.22
220.0	180	890	2419	beralatsctershid	2226	14.719
220.0	200	856	2111	pseaaltrnisttere	1882	12.679
220.0	220	848	3055	pirsnateetsasroc	1891	21.399
220.0	240	866	1909	dnsquieaesrtltaes	1830	10.749
220.0	260	674	2692	udesrnireateplst	2561	19.859
220.0	280	823	3022	nirsmotepasilert	2426	23.163
220.0	300	569	1746	setsrliaanrdstes	2229	10.714
220.0	320	683	1988	istldeaierneagts	1913	11.768
220.0	340	794	3024	mpldoiaenrtsseta	2495	21.661
220.0	360	764	2153	lpstaiedtrneests	2317	13.329
220.0	380	781	2819	clpssaeotershing	2273	19.11
220.0	400	840	3005	saectprtoiessndr	2125	20.38
220.0	420	823	3368	epsrrlieeatnstsa	2321	24.022
220.0	440	819	2917	stedrnirgeatstls	2264	19.707
220.0	460	797	4149	splseaiertnrsets	3194	36.88
220.0	480	780	4216	setsntrcaiaeslps	2924	38.015
220.0	500	898	3424	srodeteptsalenib	2604	25.263
220.0	520	791	2982	drpleiasstntored	2668	21.709
220.0	540	787	3185	presoitrsnaedegl	2496	22.512
220.0	560	871	3556	toserlpreaiedstd	2414	25.383
220.0	580	944	4214	spleeiasnrtngset	3022	31.289
230.0	20	791	1161	tnrssaeellvbnxor	800	4.154
230.0	40	885	1928	rgltenaeerisstot	1589	9.049
230.0	60	652	1805	sensrtiperaldnes	2763	11.413
230.0	80	995	1829	sdneeiarrletupse	1739	8.407
230.0	100	744	1862	rnseietsstarllep	1929	11.553
230.0	120	873	1834	rheretasslneaids	1558	8.912
230.0	140	980	2240	lscoearetenshidu	1616	11.788
230.0	160	849	2821	dneretissralopet	2800	20.689
230.0	180	779	2837	spleeiastrntesed	2948	22.223
230.0	200	880	2182	pedisareltcrsees	2068	12.643
230.0	220	760	2700	nsoniretteasslpm	2203	18.927
230.0	240	878	2676	mocspareletidsna	2749	18.313
230.0	260	776	2534	slesiatrgniaresm	2293	16.715
230.0	280	883	2365	rlbueatesterhhos	1448	12.86
230.0	300	836	3460	stihelapiressdts	2297	25.278
230.0	320	792	2468	cremstalenisdret	2655	17.449
230.0	340	859	2499	dtsiherprcaeotst	1988	15.913
230.0	360	873	3141	plmdeaietrnsseta	2902	25.619
230.0	380	993	2750	smitplasatersnid	2324	18.025
230.0	400	936	4018	stesrntreaieplsd	3159	32.36
230.0	420	889	2775	adosirelntacseri	1914	18.318
230.0	440	883	2380	cpsoaelprtiasens	2229	14.655
230.0	460	815	2380	dsiteeslrtlasiab	1738	14.559
230.0	480	896	2476	setadnrseiaesltc	2722	16.47
230.0	500	836	4067	desarntreiaeslps	3316	36.379
230.0	520	848	3514	desrtsleeatnpris	2388	26.034
230.0	540	896	4968	rtnsseaidplrmise	2476	39.624
230.0	560	821	3030	spesaritctaneseg	2589	23.519
230.0	580	708	2328	serglanetitssera	2844	18.626
240.0	20	862	1254	gapeuorsstsdiney	843	4.336
240.0	40	933	1671	stseetagmleriash	1193	6.833
240.0	60	917	1916	stlhaieanrtscese	1884	9.917
240.0	80	855	1735	srsidelmgatirens	1798	8.715
240.0	100	993	2500	palfsenitsrtmaer	1626	14.025
240.0	120	956	2314	cansstieeralrdes	2179	14.345
240.0	140	847	2013	presairttenosgws	1970	11.15
240.0	160	924	2280	hsercepstarrtset	1641	11.963
240.0	180	957	3024	sethrraseietldns	1999	19.999
240.0	200	947	2608	chesoralsteiresd	2142	16.221
240.0	220	962	3028	sledarimetansdeg	2318	19.923
240.0	240	744	2685	tescnsraeitedasr	2003	20.32
240.0	260	868	2991	trstetapsnilgres	2723	22.125
240.0	280	914	2264	sopenirssetatrel	2167	14.474
240.0	300	799	2194	idrssrepetaldnib	2961	14.655
240.0	320	808	2693	destnitesersropa	2084	19.555
240.0	340	801	2202	rmstieaedntresia	2218	16.125
240.0	360	874	2695	tlprtaeisensertu	1722	16.52
240.0	380	983	3134	pstnoaeicrlcdesa	2168	21.606
240.0	400	1011	3271	gndrsiettlaserep	2175	22.394
240.0	420	665	2948	spaleridatenslst	2496	25.784
240.0	440	890	3238	pansliteserttdap	2694	25.662
240.0	460	856	2945	osehprtcieatdnse	2204	21.998
240.0	480	788	3434	stlmeiaedrnsseti	2846	27.308
240.0	500	871	3220	serslatemintreso	2742	25.282
240.0	520	974	2550	sdesieatlrnigets	1907	15.337
240.0	540	784	4457	desprtaloritsnes	2765	38.041
240.0	560	992	2602	direaetsltnaseri	2090	15.719
240.0	580	846	3227	posehtrsecapsrel	2178	22.489
250.0	20	653	978	tsenrndlheabstsi	1073	3.438
250.0	40	882	1661	ealetirtdenarsgr	1446	7.549
250.0	60	794	1264	ositnredeitrpsae	1703	5.204
250.0	80	813	1602	qunndgsieeatrtmls	1181	8.135
250.0	100	835	1854	stabrelrdiaetnsp	1985	10.204
250.0	120	865	1797	srdsetaenitpsals	2355	9.312
250.0	140	984	2212	lsndeiaentrsiset	1865	12.067
250.0	160	1031	1924	besratetnrisecan	1629	9.109
250.0	180	994	2678	hsedetiptraleseb	2346	17.377
250.0	200	851	2108	enamstilaresents	2010	13.713
250.0	220	850	2105	sngleiaedtrtnesa	2379	13.134
250.0	240	963	2890	rlinesadstreuots	1927	17.792
250.0	260	859	2825	rplsseaidrtnates	3026	21.01
250.0	280	760	3652	slisanamitersest	2158	28.071
250.0	300	946	3159	ontesresetiltnap	2296	22.662
250.0	320	909	3816	seponalstiresedc	2912	29.341
250.0	340	937	4164	aespdrlreiaestns	2702	32.571
250.0	360	998	2834	sendlitecarsster	2495	19.402
250.0	380	809	3394	esedtinelartpesg	2589	26.872
250.0	400	851	2748	rsegetnrsiaeepls	2898	19.849
250.0	420	813	2902	pseaiatrdnresegs	2129	20.962
250.0	440	951	4047	setprtlseiaedngr	2772	32.434
250.0	460	993	4178	deetnrtsseacrplh	2277	31.661
250.0	480	940	3168	slepidaseretstin	2212	23.926
250.0	500	1006	3501	silpntaeersddsei	2500	23.447
250.0	520	964	3749	cdmsaeeantrlsias	2116	30.039
250.0	540	777	2526	gntseaiestrpreos	2543	19.803
250.0	560	961	3437	seistrplesaehctd	2152	23.325
250.0	580	840	5099	sltseaiedrtnosed	2628	42.916
260.0	20	808	1239	enahsritatelypzd	1173	4.932
260.0	40	843	1479	ytisretnsteaherd	1324	6.458
260.0	60	987	1788	esreetadsrilapes	1960	8.363
260.0	80	983	1862	srpmeiasdlnepasg	1616	8.542
260.0	100	873	1847	ditereassrlctsef	1644	9.464
260.0	120	1161	2853	esidtrenaetapsli	2283	17.355
260.0	140	912	2409	oiasnrttgesesidn	1704	14.056
260.0	160	911	2459	drtseaientrlgias	2096	14.766
260.0	180	995	2769	tresslatopecrsrh	1893	16.491
260.0	200	883	2296	gtedertcreasslpe	2056	13.461
260.0	220	1000	2723	blnraiestrdtseal	2420	17.157
260.0	240	943	2428	tstnareiegalrspf	1550	14.193
260.0	260	875	2780	rtessetnlarebops	2395	19.96
260.0	280	904	3226	sepslarocitedens	2965	26.489
260.0	300	816	3307	setontrseiaesdlp	2750	26.596
260.0	320	978	4426	destrplreaiegnts	2866	33.497
260.0	340	776	4117	stndeaieplrtsoes	2653	32.227
260.0	360	982	2951	uesrdnteeiapsrls	2682	20.626
260.0	380	989	3212	esenrtidtaerslbs	2075	21.856
260.0	400	1056	3357	merttanssileredl	2494	22.84
260.0	420	1007	3182	dblpeiaertsrseto	2832	21.636
260.0	440	1050	4144	laesstnraieaplcd	2494	31.224
260.0	460	1022	3389	sorsliteeandrges	2715	22.676
260.0	480	720	3919	saisdntlieaesmrs	2694	35.537
260.0	500	912	2989	pslpeiaesnrtites	2551	21.987
260.0	520	974	3397	oplssaieetrnrdes	2734	24.429
260.0	540	875	2573	dtspaetaniregosp	2214	17.86
260.0	560	970	3586	desoplrneaiertsd	2530	27.249
260.0	580	874	3236	strdeaiegntssero	2622	24.971
270.0	20	1058	1547	seglgraentsieire	957	5.121
270.0	40	989	1746	hneridetrasrstep	1280	7.562
270.0	60	917	1493	rlatepesquesrxlie	895	6.018
270.0	80	926	2267	srsnitetnlaseger	1857	13.302
270.0	100	888	1839	desalintseaivrts	1709	12.149
270.0	120	981	2118	hegdrneserilstab	1970	11.739
270.0	140	865	2630	parsseteltndrail	2014	17.855
270.0	160	995	2275	stnsiaencrideste	1853	12.471
270.0	180	878	2086	dpilerasstetenid	2165	12.067
270.0	200	925	3001	hcrsseattlpeiors	2172	18.807
270.0	220	1021	2614	srasenildatemers	2237	15.516
270.0	240	785	3106	mgntaiestlrsseat	2390	24.484
270.0	260	986	2638	eersstaeaingmled	2091	15.609
270.0	280	838	2400	sleratisenamdreg	2551	14.947
270.0	300	686	3037	baselittpenedsrd	2607	24.537
270.0	320	711	1281	queigsplntaeiwsrt	1343	5.459
270.0	340	1052	3347	rstdeiaednlrsegs	2914	22.322
270.0	360	989	2974	tnedetirslasoper	2678	20.515
270.0	380	963	3818	disanertratecols	2069	29.22
270.0	400	1071	3142	eniggterseasrplt	2077	19.573
270.0	420	881	3796	lpsdiaettnresedp	2624	31.389
270.0	440	923	3365	elpssiaentrtdesp	2830	26.961
270.0	460	911	3483	clpriaeotsrcdesu	2201	25.526
270.0	480	981	3109	tidrrseseatnplio	2593	20.522
270.0	500	1023	3575	sispntaeaertdshc	2094	25.174
270.0	520	794	2771	ossdrperelatscis	2436	20.476
270.0	540	1046	4890	alsdtieoetrpsras	2277	39.438
270.0	560	989	4442	snametirraelspld	2465	33.347
270.0	580	888	3208	etserlineradstes	2329	23.236
280.0	20	840	1131	fnerilgssaeiters	1442	3.749
280.0	40	954	1464	ezetsraletiqutnqh	931	5.323
280.0	60	916	1714	dceseramitetrnsh	1579	8.498
280.0	80	841	1625	snadeteltripslas	2081	8.291
280.0	100	1038	2025	esqudoiedtrntseas	1440	9.427
280.0	120	839	2464	gestnaretilaespo	2579	16.22
280.0	140	1008	2110	nadsgirereatdpst	1936	10.848
280.0	160	1038	2619	alspetiesrtnwaes	2076	16.176
280.0	180	1076	2136	esapntreiaespstn	1804	12.14
280.0	200	1011	2653	prstalegstineros	2358	15.62
280.0	220	965	2484	dastlerotineaest	2049	15.271
280.0	240	1054	2920	dlsqueiarrntegesp	2268	18.731
280.0	260	965	2378	quersspetnealdrts	1529	13.78
280.0	280	887	4652	dlpseaiestrndets	2983	41.655
280.0	300	1121	2859	ntrsaietlpnosers	2028	16.423
280.0	320	1027	2668	reiesprtteasswhc	1866	14.537
280.0	340	1019	3596	botslaresendrtis	2603	24.796
280.0	360	914	3092	oiabntlsetepsrad	2408	21.379
280.0	380	969	2818	isepdetrnaresils	2235	19.041
280.0	400	985	3614	pstleiaednrcsets	2742	25.085
280.0	420	974	2592	serotrpteaissdne	2284	15.926
280.0	440	1073	3197	serstalerintvess	2602	21.848
280.0	460	1154	3829	crpdoaeilstnsers	2383	26.993
280.0	480	978	3938	rsgrdenalitepars	3045	30.605
280.0	500	920	2643	srenepitdarsleto	2092	16.722
280.0	520	854	5023	srosetncseaedrgl	2029	37.918
280.0	540	1013	3307	peestlrtsaiorens	2177	23.439
280.0	560	1041	5310	sanspireletadasl	2526	45.282
280.0	580	1102	3659	tsldeaievrtnresa	2428	27.432
290.0	20	998	1360	iesadonprehingst	703	4.233
290.0	40	1072	2045	otsnpremoeiarstr	1332	9.769
290.0	60	1158	2376	pesuratslcrehest	1814	11.584
290.0	80	1040	2242	snediterrasmveli	1786	11.967
290.0	100	954	2053	rsdtnerotalequsid	1662	10.25
290.0	120	1091	2080	idesenatsrihtecs	2062	10.719
290.0	140	1014	2466	sedtparelitrdens	2441	15.061
290.0	160	988	2291	oseenrtseiaespll	2440	14.926
290.0	180	1044	2883	ctrdsaiopetndres	2037	17.831
290.0	200	1056	2636	clpriaesntrdseia	3046	16.368
290.0	220	1039	3046	hlpriaesrnttgsia	1885	19.166
290.0	240	1067	2990	yrsmltareitersns	2202	17.711
290.0	260	1134	2478	resogntreaiesllc	2368	13.434
290.0	280	939	2543	utersrtseiaeslnp	2268	17.705
290.0	300	1018	2788	sretgnrseaiestmd	2477	17.883
290.0	320	1037	3438	anerstiselatdper	2960	25.917
290.0	340	919	2969	dnsaeitesrastlet	2129	21.54
290.0	360	994	2909	dtlteiassrneeteg	2271	20.094
290.0	380	1090	2462	rslpeiaegntraseg	2851	14.743
290.0	400	1007	3147	ostddresenalstip	2863	21.609
290.0	420	1035	3598	tidrserepatsline	2744	28.993
290.0	440	884	3196	dnicetalsresoidr	2590	25.547
290.0	460	1081	2260	quetmrspaerelddis	1332	10.728
290.0	480	1027	4790	sedstinglarepest	2959	36.577
290.0	500	1031	3981	tseputadorelapsr	2050	29.629
290.0	520	986	4426	slpstaieertndseg	2751	34.203
290.0	540	1014	3953	sepstiranaleestd	2683	28.785
290.0	560	1039	3884	sredetnssiatpler	2670	29.354
290.0	580	1053	4124	lpeaaesrrtegsind	2105	30.764
