Param1	Param2	Boards Accepted	Boards Scored	Board	Score	Time
10.0	20	12	74	sanlpetierissmre	1151	0.467
10.0	40	9	84	eschfatetarnutet	660	0.581
10.0	60	26	363	dtsecetpnarasime	1615	2.862
10.0	80	18	301	cpleeartdrtooesu	1435	2.233
10.0	100	31	492	nsdslirefeatplst	1660	3.424
10.0	120	29	599	eanostrsaietcpno	1648	4.602
10.0	140	25	619	sgtseanepireestd	1941	4.942
10.0	160	14	795	andhseisretacanr	1536	6.275
10.0	180	31	1187	ponslireeathcnse	2141	9.606
10.0	200	26	819	otsrraieeltnseas	2118	6.984
10.0	220	31	520	hesectrpsaeitnld	1908	4.305
10.0	240	45	1871	slnseiagntredest	2482	16.297
10.0	260	29	900	sederntseaiemlpr	2646	8.441
10.0	280	36	1294	stosenipdralsets	2750	11.058
10.0	300	30	1171	rsdtcenilarebets	2355	10.53
10.0	320	43	2374	dipscelrratesins	2341	21.975
10.0	340	34	1540	psrdleteeantsris	2041	12.434
10.0	360	30	1326	mdlpeaisrtenostr	2183	11.303
10.0	380	40	1184	cesdrinepotasers	2520	10.607
10.0	400	26	2820	sngsteilrratspes	2739	26.426
10.0	420	33	2213	sedstirelantpeso	3103	25.958
10.0	440	37	1714	ptsdalepinarstes	2510	17.522
10.0	460	27	1684	hslbetaerinrsedo	2416	15.537
10.0	480	47	3552	hseretaporilsnes	2809	34.629
10.0	500	37	2380	gsisentlreaedsrb	2375	20.9
10.0	520	24	1376	eidgrtnesaerilts	2059	11.491
10.0	540	50	3399	plmdsaiertnsseta	3042	36.015
10.0	560	41	2327	segatrtneaislpme	2488	20.621
10.0	580	25	1180	rtebesargnitades	2363	11.379
20.0	20	21	86	mstieonolocesisa	596	0.377
20.0	40	24	215	oaetbrtsesenlliw	1066	1.226
20.0	60	34	333	itemeradtselyhts	1583	2.577
20.0	80	26	511	serontstaieeercd	1593	3.898
20.0	100	40	615	tsesrtsreaoudlct	1844	4.247
20.0	120	34	467	ncedsarstntedeit	1564	3.073
20.0	140	27	716	redasepotarsnite	2025	5.89
20.0	160	34	607	sreirtsneaigdles	1990	4.558
20.0	180	52	1008	sresetndriaepslr	2354	8.123
20.0	200	39	569	rerastniiaselert	1710	4.748
20.0	220	28	801	sdeseritgnaliser	2534	7.365
20.0	240	27	661	tseteralsgitaens	1949	5.461
20.0	260	44	1068	sealdntseietsrar	2204	9.571
20.0	280	66	1697	destrntreiaetmls	2431	16.585
20.0	300	30	1013	enorstibesaldreg	2445	9.089
20.0	320	41	865	ameseridstenalts	2127	7.786
20.0	340	45	1976	aerpntaesitslero	2267	18.008
20.0	360	21	910	sedpniragotelash	2303	8.18
20.0	380	40	2091	gasemntlieiastrs	2461	19.767
20.0	400	53	3223	tdeserntreaisclp	2784	27.657
20.0	420	50	1609	ltshiaeeenrdrste	1998	14.166
20.0	440	36	1547	lpstioaentrlgesy	2302	14.397
20.0	460	26	931	stsuperorahescts	1893	7.432
20.0	480	43	1552	wretpitssenaredi	2086	13.802
20.0	500	41	1629	rtsoeatrplieseds	2359	14.337
20.0	520	46	2128	rsabetletierangs	2304	18.51
20.0	540	34	2029	plessatrntrsgied	2189	15.897
20.0	560	55	2519	oresstaneligdres	2882	24.241
20.0	580	43	2151	sarcteitatsnsreg	2093	19.097
30.0	20	26	192	rslqueetisranobes	1543	1.156
30.0	40	37	291	setpcnrshaieblst	1985	1.989
30.0	60	55	433	lhslcaettsrnorei	1423	2.605
30.0	80	48	342	sniketrssaeoclmd	1756	2.341
30.0	100	43	307	snpudeoseratsthe	1503	1.915
30.0	120	39	600	mtadesilsnesator	1756	4.765
30.0	140	37	666	serwtrndeaieslts	2346	6.053
30.0	160	68	771	slaratisenepdrst	2140	6.433
30.0	180	44	1029	sasrperelatecins	2462	9.778
30.0	200	57	1353	tapsriladengtsre	2261	10.984
30.0	220	43	1378	rilsnetastrpnoes	2067	11.545
30.0	240	35	927	tseperalsnitgdes	2774	8.253
30.0	260	49	1395	desslenttiresaps	2523	14.099
30.0	280	38	1802	spaneritatescser	2143	18.001
30.0	300	50	1920	dinstertsaieelcn	2071	15.761
30.0	320	26	1382	sredntasietclsro	2116	12.747
30.0	340	41	1172	hsidopelirassted	2127	9.675
30.0	360	37	1070	talesitscenodars	2017	9.7
30.0	380	35	1210	sesatirenaptceso	2260	11.461
30.0	400	33	2096	teersnrteiasdlpe	2657	20.974
30.0	420	42	2280	sresetaptnilosed	3026	25.299
30.0	440	40	2248	hsdecerttaernslp	2079	19.135
30.0	460	64	1563	mbldeaiestrsoret	2419	14.58
30.0	480	36	1637	tisotertsanepidr	2147	15.256
30.0	500	46	2487	sresetanrpituose	1925	21.613
30.0	520	37	1319	dhsttecosarsnter	1829	10.875
30.0	540	49	2325	coeaslrdeaiegnts	2741	22.525
30.0	560	64	1316	perslattrisegner	2392	11.833
30.0	580	37	2897	palssinetertpaso	2495	30.167
40.0	20	16	77	anessatreilenipd	1156	0.408
40.0	40	24	295	esnhrtsilaerscid	1218	1.67
40.0	60	31	312	erulrtassesewohu	1001	2.209
40.0	80	68	375	gertlansaitevtcd	1547	2.113
40.0	100	46	786	dnseeitrsrattnes	2083	6.935
40.0	120	40	485	atdtsieseratqucel	1353	3.632
40.0	140	29	328	oravsteleieslnra	1516	2.575
40.0	160	67	769	sdesrrtloeatmpsh	2040	5.478
40.0	180	35	493	soatptrsaiealgnd	1990	3.77
40.0	200	25	472	gesenitrlaraseco	2053	4.432
40.0	220	84	1146	srlstaeltnitsers	2042	8.457
40.0	240	46	1039	sonatertareswmid	1770	8.558
40.0	260	39	953	asertratenissdem	2402	9.097
40.0	280	53	1524	sigstlneeaeisrmd	2367	13.317
40.0	300	41	715	tilasempnrasitet	1877	5.75
40.0	320	33	1297	nesolirtbateresd	2472	12.808
40.0	340	74	1534	sligatenerisspat	2565	14.025
40.0	360	53	2377	dtlpeiaesnrgates	2744	23.899
40.0	380	67	1721	edatsresetiptnal	2713	17.156
40.0	400	34	641	stchnaesrelrtsta	1820	5.238
40.0	420	34	1424	dilstegesranetil	2038	12.264
40.0	440	64	3137	hsecetaloripsnes	2863	30.614
40.0	460	42	1327	usidertetaesinsr	1944	12.044
40.0	480	93	1661	snidoterrsapsetl	2189	14.697
40.0	500	38	1947	dprcoeaertnsseti	2217	19.991
40.0	520	70	1529	tsrbaetadnisresl	1714	11.368
40.0	540	55	2448	srosetrplatemins	2374	21.596
40.0	560	60	2959	denssitetarrleps	2798	28.587
40.0	580	73	2341	sersnipotalesers	2791	21.014
50.0	20	66	262	ytisateneratspis	1647	1.742
50.0	40	45	210	drsiietmtnatisep	1567	1.341
50.0	60	94	450	dtmbeiaeslrtotes	2172	3.181
50.0	80	66	751	laesdltrseiarnpm	2432	5.683
50.0	100	55	482	resdnatolireseds	2258	3.933
50.0	120	51	812	sonspirelatdstes	2401	6.465
50.0	140	48	541	rlcsseaitrntedec	1848	4.329
50.0	160	55	1115	tpstmelitarnsegs	1812	8.784
50.0	180	89	1747	ntlpeiassretotpr	2137	15.097
50.0	200	58	998	norssetetarilegn	1913	9.409
50.0	220	47	966	asedtrnteiatdlsw	2432	8.952
50.0	240	93	1825	bresaitldtairens	2030	14.95
50.0	260	58	539	ensftriletaedstr	1947	4.273
50.0	280	124	1387	colsratisensideg	2261	11.493
50.0	300	82	2341	dslpreiaprtnlaes	2749	23.638
50.0	320	78	2035	mesanirssteperad	2042	18.742
50.0	340	92	3934	asedtrinelatspes	3116	36.869
50.0	360	62	1492	seedtrnteiasslpm	2975	14.68
50.0	380	80	1257	gnseaeiprtaloseb	2210	10.229
50.0	400	49	2830	psldeaiertnrosed	2987	27.613
50.0	420	112	1713	csedlaterinrtges	2274	14.136
50.0	440	65	2492	seedrntreiasslpe	2995	24.646
50.0	460	79	1758	gnesediteralster	2436	16.669
50.0	480	77	2930	linspateserstide	2765	30.201
50.0	500	44	2173	sebotartliessdng	2483	19.065
50.0	520	62	1972	desilrtmgiaeenst	2171	17.721
50.0	540	56	3053	lpstaiesrtnrseed	2745	31.453
50.0	560	63	2251	srebdtalenimsres	2816	19.927
50.0	580	111	2384	dgnraiesstrdheap	2260	22.043
60.0	20	24	119	erettnsnietswryr	655	0.621
60.0	40	58	409	upirsretaensdite	1636	2.893
60.0	60	88	252	odeserntseraxidg	1395	1.292
60.0	80	26	190	impsdeatsnrretep	1348	1.356
60.0	100	59	535	arpotiessnsaretl	1792	3.877
60.0	120	59	815	lastsenetirglaps	2187	7.127
60.0	140	60	1186	rspmelaeiteranst	2435	10.313
60.0	160	80	858	gsrenetrdiasrelt	2054	6.444
60.0	180	87	1631	eseagntrraisgelp	2476	14.344
60.0	200	100	1692	lsseeatrhresscap	1766	14.635
60.0	220	124	1485	easegntrreiatslm	2523	12.782
60.0	240	84	1220	crstaeeirtndsais	2294	11.296
60.0	260	55	1820	dsnapetiralssedi	2323	16.468
60.0	280	89	1690	eiestrntsiaealmd	2268	15.556
60.0	300	88	1705	rpsneaietrldesel	2420	15.652
60.0	320	91	1773	sticenalgresasth	2742	15.893
60.0	340	114	1703	remptalinesedtrs	2157	13.975
60.0	360	94	1245	gltseaetprneresd	1891	10.719
60.0	380	102	1950	seipcnrseatepsli	2257	17.589
60.0	400	109	3294	dtrsselanitemars	2506	30.724
60.0	420	87	1961	etissarnmetedisr	2304	18.741
60.0	440	79	1954	rdeleragstinalse	2486	17.313
60.0	460	70	1946	psrtlateeinergsd	2688	18.389
60.0	480	94	1960	aiestnrtseaehcld	2313	18.08
60.0	500	97	3181	sadipenelirssate	2493	29.791
60.0	520	74	2830	stslneaedirplest	2539	27.149
60.0	540	79	2321	srlptaisenetdrsh	2560	19.496
60.0	560	95	2378	senstirolatepesh	2814	25.624
60.0	580	118	2444	senaritstalisepm	2531	23.076
70.0	20	27	103	merosrpteiastnwl	1420	0.58
70.0	40	97	543	etapsresoisrnneu	1371	3.302
70.0	60	44	372	seasrmlgeioeptsd	1452	2.295
70.0	80	60	778	ondrtiaeeslpreso	1976	5.961
70.0	100	56	452	ertbtlatsiesnerh	1666	3.265
70.0	120	129	1052	sebddalonetoesrt	1524	7.116
70.0	140	92	1142	hesprtaranecilsd	2086	9.523
70.0	160	116	1042	staserileneddstc	2218	8.722
70.0	180	109	984	ritiderssneatitp	1623	7.71
70.0	200	85	344	quntciseeapedtrit	1128	1.904
70.0	220	133	1053	htassetpniregosa	2011	8.456
70.0	240	78	1278	onapetilsresocat	2325	11.471
70.0	260	108	2096	sedstnreeaitplsa	2872	19.315
70.0	280	131	1352	sraeetlpniessard	2320	10.442
70.0	300	99	1855	stndeaierlprtose	2657	17.087
70.0	320	108	1253	gesolanttireseds	2962	11.441
70.0	340	120	1941	dinatergsaespltr	2546	16.06
70.0	360	96	2031	aesamrlpeiaednts	2409	18.287
70.0	380	153	3012	pitslaneserirtds	2904	29.138
70.0	400	117	1614	rtlcseaenirsgate	2119	14.464
70.0	420	105	1642	rotspernslaeotts	1952	12.427
70.0	440	93	2422	tdessrnteiaetslp	2860	22.268
70.0	460	126	1908	pltsaiearnsroted	2403	17.16
70.0	480	79	1989	ttldsaeocershapt	1974	18.399
70.0	500	132	2902	srosetrnsaiempls	2676	27.338
70.0	520	100	2074	sltsoeatpreitsdn	2018	17.75
70.0	540	98	3267	slaspetrrteiesnd	2280	29.77
70.0	560	82	2542	rdlsseaohtrpcaes	2527	23.724
70.0	580	74	1910	apsrirecenalsted	2324	18.719
80.0	20	56	213	eersmateisltelat	1175	1.369
80.0	40	142	494	sndroeiesltsreas	1603	2.745
80.0	60	148	800	senarstitaeselpr	2059	5.193
80.0	80	184	782	nsinretaderssapo	1794	4.885
80.0	100	100	513	sniletasrcreketo	1625	3.271
80.0	120	152	1175	stigtarnleeursdd	1710	9.386
80.0	140	177	585	yresetrgsanetils	2240	3.63
80.0	160	234	1619	lsreeatdtricosen	2174	11.869
80.0	180	53	918	osegnrtnseaidpls	2769	8.054
80.0	200	213	1513	pinematsrelisedt	2042	12.706
80.0	220	185	1294	sresesittransped	2357	10.663
80.0	240	207	1423	dmsteiaentrgoset	2248	12.055
80.0	260	160	1858	ridssenietalirps	2146	15.182
80.0	280	140	2502	lisdmaneretrgtso	2427	21.221
80.0	300	87	1029	smiletantregosid	2546	8.545
80.0	320	94	2726	aglpniaeetrdsres	2772	24.99
80.0	340	101	1159	viasentltseaterp	1638	9.262
80.0	360	99	1736	persdatetniresed	2331	14.356
80.0	380	191	2387	dsteenargritsdes	2546	20.232
80.0	400	133	2182	sgetrenscatitsla	2149	17.771
80.0	420	130	2483	sdesenaptrilaset	2818	23.849
80.0	440	95	2722	senstidrlarepest	2757	25.586
80.0	460	211	2033	sovdplieearnstes	2210	16.042
80.0	480	175	2063	sdnseiettralaseb	2488	18.451
80.0	500	68	2272	ersphtaisenldres	2294	19.899
80.0	520	176	2098	usemtlaneritsdes	2643	18.977
80.0	540	118	3392	rslgmenadaticers	2518	31.854
80.0	560	130	2500	snesatirelamsrps	2911	23.016
80.0	580	230	2936	setnrriseaelstld	2212	24.478
90.0	20	127	263	iaohctniseedrrtj	929	1.077
90.0	40	232	480	onoacresaistiled	874	1.782
90.0	60	168	406	perilaspettedsra	1731	2.087
90.0	80	267	759	tedmsariceeslhtr	1678	4.268
90.0	100	185	906	rtsmseapniretort	1680	6.436
90.0	120	264	745	rqutrseiapntlsous	1431	3.757
90.0	140	197	941	paioertnstestrak	1678	6.616
90.0	160	187	1528	ucetrtsreaieslnd	2278	11.9
90.0	180	168	952	dnrsseepttiloras	2052	7.189
90.0	200	240	1518	serstaetblintsem	1822	10.389
90.0	220	155	1022	sltseaietrnssoeg	2477	7.839
90.0	240	108	1416	reiasrtntaesedme	2135	12.476
90.0	260	270	2105	psdraieertnsseta	2603	18.754
90.0	280	210	750	idaqurenttasahsrl	875	3.918
90.0	300	178	1486	sedrrlpeeiassntr	2350	11.125
90.0	320	268	2164	seacgnrdiaeiltsr	2236	16.898
90.0	340	173	1766	copsraleteirsndp	2298	13.852
90.0	360	160	2574	eapolstraeiernds	1925	21.776
90.0	380	211	2202	tnessedrnirelats	2115	17.33
90.0	400	157	2599	sepaermltaeihsnd	2036	22.218
90.0	420	145	2684	reiasntletasdrep	2638	25.228
90.0	440	194	2452	dtsolernpaeamstt	2145	20.078
90.0	460	156	3557	asegrtnreiaespls	3357	34.042
90.0	480	289	2590	selprtaoeitrdnes	2588	20.683
90.0	500	256	1484	seditarsliteesng	2751	11.635
90.0	520	178	2894	redctinelaetsprs	2466	25.93
90.0	540	171	1840	letsrarepeidhsne	2098	15.409
90.0	560	301	3537	antsiterslaeecps	2271	31.749
90.0	580	102	2196	tarosetsseradnip	1797	20.282
100.0	20	157	393	tnrcetaesstsraie	1045	1.957
100.0	40	327	717	toedsrlseiahotns	1418	2.912
100.0	60	215	720	soprrteiaesnbloc	1512	4.307
100.0	80	95	511	sdettsineramsted	1870	3.902
100.0	100	169	1403	sineparsletatsen	2124	10.548
100.0	120	343	1398	itseenapsriletsh	2454	10.059
100.0	140	280	1137	tsrdlaeiinteesrh	1657	7.133
100.0	160	167	1327	quterarseetinslam	2119	11.078
100.0	180	325	1084	tidmreaesltnaseo	1525	6.426
100.0	200	144	1313	datdrensstiequarp	1929	9.874
100.0	220	146	1286	ratatilssenergdr	2230	9.978
100.0	240	185	1779	epatslrseaiertng	2474	14.684
100.0	260	231	1534	desorntreiaeslps	3303	13.817
100.0	280	235	1433	sreselitgnarstep	2788	11.661
100.0	300	274	2126	resirtndaiesslpr	2780	16.741
100.0	320	242	2741	setgrtnseaieplcr	2961	23.938
100.0	340	110	1514	plsteaietnrdiest	2646	13.577
100.0	360	222	1463	tspoeatrdreiisgn	2179	10.752
100.0	380	249	3182	isntsteieraldips	2266	28.542
100.0	400	212	1382	qullsitedsterenap	1436	9.483
100.0	420	187	3163	sprsaeirrntadesl	2352	27.584
100.0	440	254	2623	marcnethsiestrad	2036	19.376
100.0	460	298	2620	orslptairencsdes	2087	19.509
100.0	480	368	3274	rdeperalstitanes	2896	30.5
100.0	500	399	2451	gresinapetilsred	3121	21.142
100.0	520	238	2515	sregelanopitsres	2963	22.033
100.0	540	151	3109	rclpeiaesntrregs	2866	29.449
100.0	560	123	2490	stslieaidnrtsues	2403	24.52
100.0	580	238	3415	srepetaldnissret	3043	33.432
110.0	20	355	612	larbeeaaslnsited	771	2.63
110.0	40	198	655	snipelamprussmet	1407	3.73
110.0	60	279	921	sltriaesntrdseeb	2363	5.819
110.0	80	267	1198	sethdresiealstpm	1994	8.302
110.0	100	303	1032	srecflaspietinsr	1564	5.838
110.0	120	167	1795	aselstaperisodet	2221	15.418
110.0	140	310	1968	htsadenolirepats	2386	15.562
110.0	160	308	1715	cledoiasntrthese	2048	11.169
110.0	180	343	1654	dirsmetrpaserolb	1907	11.676
110.0	200	337	1480	dilbneatstrstier	2284	10.456
110.0	220	135	1325	sternlaseiperstr	2211	9.964
110.0	240	255	2155	rpedelansritades	2782	17.517
110.0	260	273	1525	gsednlatoitssred	2048	9.984
110.0	280	170	2800	lepotarsseitrdns	2605	23.699
110.0	300	268	1472	blpseaiertsrosed	2548	11.452
110.0	320	231	2760	vastderdlinesats	2656	24.777
110.0	340	319	2348	stemirasenelsdgi	2390	18.741
110.0	360	226	2269	mrtdpaieslnrites	2407	17.819
110.0	380	256	2415	erdsserilatepins	2730	23.326
110.0	400	343	1980	uaessrtnteiadslp	2809	16.739
110.0	420	374	1721	tserredilanesits	2283	12.531
110.0	440	212	2250	lanspiteserartds	2855	21.574
110.0	460	269	3248	setsrtnaailrspes	2617	26.265
110.0	480	160	3671	slpseaierntrstes	3232	34.358
110.0	500	162	3134	desutnrtsaieelps	3003	29.529
110.0	520	381	3065	sacsteruitedansr	1941	23.102
110.0	540	116	1991	dnessetrnaregils	2314	16.702
110.0	560	422	3478	oseirtrdheaotslb	2216	28.726
110.0	580	430	3562	sersdrtaeainslgs	2414	29.389
120.0	20	382	689	estmdsieenegston	652	2.688
120.0	40	378	1031	hesottrneiaenlpd	1661	5.777
120.0	60	501	1124	etabasequorslenet	830	5.133
120.0	80	389	1237	stdsteieearnrpsg	1971	7.458
120.0	100	375	934	srehtnatesitsres	1921	5.338
120.0	120	416	1288	tentsirslatepedt	2509	8.623
120.0	140	270	1666	ridrseaeeltsgniw	2169	11.979
120.0	160	250	1829	gertsnesetiltrab	2501	15.064
120.0	180	447	1566	esannrtlieaeopst	1661	10.635
120.0	200	429	1457	oustblteiaerrdst	2071	8.663
120.0	220	317	1963	sapdriesetnrasoa	2006	14.209
120.0	240	409	1649	otsrdrepeiatslts	2273	11.815
120.0	260	293	2165	spldeaiertnsseta	3045	18.952
120.0	280	257	1647	destntresiapelml	2363	12.431
120.0	300	297	1391	serslinedatgresa	2745	9.991
120.0	320	305	2929	segitnrsiaetslrd	2713	24.84
120.0	340	398	1014	staquneildornepes	974	4.519
120.0	360	400	2548	repsnaletiraseds	2964	21.818
120.0	380	252	3226	slesatirenapsgos	2563	27.572
120.0	400	380	2272	sreapenslitesard	2746	18.714
120.0	420	320	2336	nopsterasitelans	2516	22.362
120.0	440	395	3826	desartlpeiaesngr	2884	35.5
120.0	460	383	2149	lesumarttineesdr	2254	16.203
120.0	480	274	4488	gsedtnileratsmes	2887	42.244
120.0	500	346	2939	qutesartnseiadpls	2778	22.923
120.0	520	466	1899	srlpaeiadntssore	2409	12.424
120.0	540	429	5601	rstedealnirpstes	2392	46.666
120.0	560	305	3414	resonapttilesers	2847	28.194
120.0	580	377	3331	speserattnilgsed	3185	28.66
130.0	20	358	732	tsetaruneladdtse	1215	3.329
130.0	40	305	1130	stscieainlrptiad	1220	6.626
130.0	60	382	1079	otersrtseialndbe	2359	5.687
130.0	80	394	1248	etarsnesegildrap	2041	7.691
130.0	100	361	1212	renodisgsetetarn	1495	8.012
130.0	120	440	1354	stlteaiehnrscoge	1979	7.7
130.0	140	414	1442	hsescetararimens	1855	9.788
130.0	160	363	1114	olshiresneapgstl	1643	6.152
130.0	180	447	2378	drebetalsnisgech	2460	17.696
130.0	200	241	596	rlequobarsietnsrd	934	2.408
130.0	220	507	1908	siosdntlieaercrs	2176	12.903
130.0	240	434	1900	inalotepsrasretc	2145	15.048
130.0	260	364	1948	sletnapstiresedr	2455	15.203
130.0	280	448	2361	sengrilstapeserd	2940	20.089
130.0	300	434	2369	stedneretilssapo	2474	18.038
130.0	320	364	1538	eseratidcrenhesg	2213	10.991
130.0	340	500	1840	satdlineperssaco	2767	13.006
130.0	360	504	2534	ditsnelusarotecs	2453	17.866
130.0	380	413	2278	rspdtaieetrnsres	2303	18.284
130.0	400	462	2461	dercsetarinsmage	2187	19.986
130.0	420	363	2596	sergpaleritsseng	2745	20.761
130.0	440	331	2160	questdlrcieaehtsp	1957	16.374
130.0	460	372	3885	mplbsiaeetrsdret	2441	34.525
130.0	480	258	2104	stipenaldressits	2993	18.645
130.0	500	322	3141	asedtrinelatspes	3116	28.66
130.0	520	421	2538	lsrpgeiadntlseas	2536	20.354
130.0	540	522	2824	stasentlraiectsr	2451	21.731
130.0	560	327	3036	gesarntreaieslps	3357	29.052
130.0	580	352	1240	qunasgeitsrepotam	1528	6.665
140.0	20	538	918	ieaedstnueilrcsp	1103	3.37
140.0	40	214	331	qqusndetrisaetdrl	740	1.216
140.0	60	425	827	fistralpcteahesr	1376	3.581
140.0	80	437	1373	bdevleteparssmoc	1579	7.439
140.0	100	351	924	itrssanepitetosd	1535	5.213
140.0	120	352	934	sebatalfsritenes	1655	4.798
140.0	140	334	1189	usevprtlieaetsdr	1797	7.754
140.0	160	421	2226	tsetsrlnoeaihcts	2031	16.513
140.0	180	333	1733	derogntseiaestrg	2351	13.004
140.0	200	393	1595	pstdaieatrntesed	2099	12.008
140.0	220	501	1936	quarslitesenedgrs	2384	12.78
140.0	240	579	1841	dsepetralitebass	1900	11.616
140.0	260	559	2136	gsesentrdiaprels	2745	14.753
140.0	280	454	2747	rdeseitrnsaetipl	2279	20.347
140.0	300	426	1259	quoseulrtteiasnmt	1456	6.492
140.0	320	525	3416	tsiderenelatopsc	2266	26.514
140.0	340	466	1836	setslaremitideng	2503	13.052
140.0	360	388	2625	spesealrrtieosnd	2642	20.088
140.0	380	388	2281	setqudraseiernstc	1903	17.553
140.0	400	350	2329	desrirteetanslid	2328	18.426
140.0	420	502	2352	semsniragaterels	2592	18.86
140.0	440	539	3181	gdesenittralosep	3108	26.753
140.0	460	367	3529	spldetaeirtssnes	2421	31.871
140.0	480	431	2354	dlcheiassrteoter	2237	17.018
140.0	500	312	2211	upagslrneaiednts	2409	17.341
140.0	520	556	3426	songperidateinsr	2471	27.56
140.0	540	458	1547	sldqueeiartnrlste	1510	8.796
140.0	560	250	2511	dntsgeilsrapetsm	2638	20.513
140.0	580	413	3384	atestrlpseiadnts	2857	30.088
150.0	20	518	1065	oslopamirintdesc	1314	4.606
150.0	40	329	1046	semdtaleringpest	2387	6.681
150.0	60	469	898	tstpaioerlarstes	1433	3.869
150.0	80	520	1603	strsgeaenlvdsiea	1706	9.153
150.0	100	460	1882	ndngeeiasrtltaes	2413	11.813
150.0	120	575	2148	ditslanesergdtos	2541	15.507
150.0	140	568	1959	spitelantretagsr	2198	12.897
150.0	160	437	1701	reseetapdrilsnes	2378	12.471
150.0	180	414	1631	testcirehanrstes	2197	10.725
150.0	200	511	1533	tsdreieasrpttoas	2150	10.035
150.0	220	334	1565	dlseaerttniaessp	2027	11.326
150.0	240	382	2591	gresenaletipdses	2690	21.357
150.0	260	514	2243	sopetilsenaerstr	2144	15.082
150.0	280	519	1674	sepstalenirotest	2646	11.395
150.0	300	498	2558	gseatnrdeaieslps	2693	19.257
150.0	320	472	2207	derstaetslinepat	2272	15.523
150.0	340	545	1663	serspaterintesde	2292	10.723
150.0	360	527	4666	tedssirdlanepets	2951	41.084
150.0	380	527	2387	lstdpaenerisstoc	2490	18.006
150.0	400	561	2333	sedsrlteeainmgns	2435	15.899
150.0	420	567	1491	tnipcerosintquges	993	7.137
150.0	440	402	2314	sltshaieetrnrsot	2191	17.954
150.0	460	533	2696	teserntrgaiespls	2581	20.36
150.0	480	646	4431	detisrnseaiepltr	2874	35.727
150.0	500	473	3177	slpsiaeintrdsets	3097	28.287
150.0	520	494	2590	sresepatolintsed	3168	21.654
150.0	540	546	2235	idessniletapires	2835	17.252
150.0	560	402	3642	gersnalttipesers	3039	32.083
150.0	580	544	3124	ylspltareitersng	2675	21.96
160.0	20	343	575	enilisebrtnrhose	893	2.27
160.0	40	591	1197	docaseraltepairs	1616	5.788
160.0	60	634	1281	seadrlesoatrnsie	1359	5.716
160.0	80	596	1667	speditareltcsres	2070	9.827
160.0	100	537	1817	rtseseatglirbnse	1858	10.658
160.0	120	550	1527	imarslesttedorag	1535	8.999
160.0	140	585	2280	opetsrasetimsnae	2210	17.755
160.0	160	453	1378	stpiesaleresditr	1935	8.567
160.0	180	494	1669	alspitaeerndrser	2049	10.786
160.0	200	576	2545	stcsearelepadots	1857	18.09
160.0	220	699	2158	mstsairenetagsls	2098	12.507
160.0	240	511	1646	remilassstenerid	1912	10.761
160.0	260	394	1800	sedatirelantpesi	2882	15.745
160.0	280	626	2472	dmlseeaitrntcsed	2486	17.791
160.0	300	567	2838	toessrntteaidspl	2630	22.516
160.0	320	660	2755	lstdiaeetnrasegs	2574	19.337
160.0	340	382	2908	seronatstirasemp	2479	21.919
160.0	360	466	2123	arestratesilgned	2463	15.649
160.0	380	527	3115	opelsrasetintsed	2678	27.454
160.0	400	527	2869	eplssaittnretesr	2577	22.352
160.0	420	383	2919	osegtrtneaieslds	2653	24.193
160.0	440	437	2647	slpdeaietrtnsres	2720	25.809
160.0	460	598	2967	slrsatedrisepont	2232	22.071
160.0	480	493	3801	osebtralenitsdes	2898	31.445
160.0	500	626	2747	dslpneaiertncseg	2645	20.542
160.0	520	560	2341	satdtnisetelsrad	2298	16.567
160.0	540	381	2716	catdstreeaislgnt	2182	20.943
160.0	560	402	2015	salsritetenddsig	2413	14.702
160.0	580	507	3154	seiadrtniaesslph	2541	25.164
170.0	20	367	542	mersbltesortpeas	1312	1.767
170.0	40	498	904	dnapsersretiuonm	1319	3.816
170.0	60	558	1301	diargnttseesdrab	1659	6.731
170.0	80	548	1382	lpalaenistrstere	1353	7.241
170.0	100	600	1837	peseratscerehdlb	1870	11.915
170.0	120	564	1593	esaytaltritenesr	1747	9.781
170.0	140	577	1286	redrsetolarsbope	2066	6.949
170.0	160	639	2721	srpseiatnterasud	2239	19.036
170.0	180	610	2040	prmsraieetnrseos	2061	13.014
170.0	200	513	1636	malspiresenadots	2346	11.171
170.0	220	590	2812	gresinaletipsrse	2851	21.068
170.0	240	522	2208	orecstnseiaedrld	2441	15.522
170.0	260	765	2459	hracetslsniehard	1883	14.501
170.0	280	494	2816	dspleeiatnrtgses	2535	23.461
170.0	300	435	967	blequartsslistnep	1133	4.056
170.0	320	539	2135	desartlreaiehngs	2367	14.65
170.0	340	744	1750	qudtleaitvrentsgn	1130	7.775
170.0	360	674	3065	rsdnleripaterost	2199	20.88
170.0	380	715	3596	secspartritedens	2826	28.959
170.0	400	635	2737	esndtreioeatpstr	1862	19.529
170.0	420	574	2257	osednrtheiasstle	2472	16.352
170.0	440	440	2702	sltsiaeirsnrdeto	2287	21.858
170.0	460	554	2705	dspeelaraticsres	2234	20.416
170.0	480	463	3802	orepstalenicdres	3128	34.413
170.0	500	527	4028	slpsaieatnrtdese	2857	36.001
170.0	520	638	3750	aresstipenalgres	3357	33.19
170.0	540	652	3787	otemsradelitgnes	2594	29.205
170.0	560	780	3439	oiesnrtlseaehtsd	2257	25.967
170.0	580	501	3191	oretsntsteiadrlp	2429	26.607
180.0	20	530	890	tpotlasipenowrsg	778	3.868
180.0	40	571	1114	siegptnssarotede	1797	4.893
180.0	60	700	1261	potposrsrtieeatm	1280	5.214
180.0	80	515	1268	osefprtseatrwlie	1393	6.624
180.0	100	622	2099	etaeasimfrendets	1400	12.099
180.0	120	686	2369	saldteeisrntreas	1743	15.334
180.0	140	644	2256	stsioealprenetsd	1873	14.146
180.0	160	512	2299	etsdareiinrtteso	1841	15.952
180.0	180	473	1909	casohertrtaeeslb	1907	13.564
180.0	200	345	800	nedqusitsbhawdrem	715	3.299
180.0	220	619	1759	edtrtsesateporal	1635	11.135
180.0	240	668	1679	ditsserotapenils	2447	10.235
180.0	260	644	2149	snapeitrsrestpat	2130	14.756
180.0	280	586	1856	sestrilodapshete	1809	11.244
180.0	300	707	2974	dpnseiatstrehesr	2250	21.188
180.0	320	465	2876	srgdeaeslnteaisr	2291	23.548
180.0	340	743	2510	hsabetedaringnos	1953	17.156
180.0	360	597	3027	hstspateleridsng	2609	22.861
180.0	380	480	3309	orepstaleingdres	2511	26.5
180.0	400	611	2505	sedintreaiasslpt	2674	18.936
180.0	420	580	3074	clsceaiertnrosed	2773	24.042
180.0	440	588	3614	draletigtsensars	2256	27.26
180.0	460	784	2937	pslfeateniregeds	2364	22.817
180.0	480	630	2386	dgndieaisrtlotes	2688	17.654
180.0	500	741	2616	rtsgsenelaripets	2494	18.406
180.0	520	732	4866	secolarspiteesng	2931	41.54
180.0	540	499	3080	dclpseaitrntaies	2830	26.782
180.0	560	585	3712	serstidanalegers	2809	29.658
180.0	580	704	5152	snoseripatealsrd	2496	41.862
190.0	20	408	677	haracideveletyrs	1055	2.583
190.0	40	539	1007	rngisetndlasipim	1627	4.51
190.0	60	673	1305	hredntapsilsnerk	1641	5.828
190.0	80	669	1100	ersqutaipirenjeso	772	3.821
190.0	100	689	1428	uprwntaositsquere	1414	6.86
190.0	120	769	2030	dsrctetalinesagr	2174	11.772
190.0	140	852	2373	nsrndeteerstopas	1681	13.572
190.0	160	738	2237	dersstemiladgner	2242	14.038
190.0	180	665	2087	ilbdsaepterodist	2088	12.035
190.0	200	704	1897	sesitsntaieacrmd	1891	11.912
190.0	220	687	2492	isertnederitslas	2509	17.523
190.0	240	694	2684	thseetalrniptser	2390	19.103
190.0	260	720	3620	esplreiadntrasep	2672	27.791
190.0	280	609	2157	sedrtirenaptsels	2775	15.614
190.0	300	708	2132	bltdaiesstnrteai	2205	12.987
190.0	320	531	1784	ilptseasrtnraied	2400	12.173
190.0	340	778	3068	ptlpoeassretptid	2002	21.893
190.0	360	491	3084	splseaierntrdeso	3168	25.819
190.0	380	711	4029	hsegetanorilspes	2697	31.607
190.0	400	740	2973	gtsdrnieeatrltse	2309	22.498
190.0	420	799	3694	rtspsetaniregacs	2258	27.883
190.0	440	491	3694	srepntalietsdrse	2342	29.949
190.0	460	712	3864	epstareactelshsd	1868	28.999
190.0	480	765	4174	denaliteparssecu	2884	35.162
190.0	500	757	3929	srastnepetilsras	2820	32.905
190.0	520	570	5335	oressnittealdrps	2919	46.528
190.0	540	571	2636	rdlbseiatrtspaet	2624	22.014
190.0	560	730	5086	soetprlseaiestnd	2922	46.07
190.0	580	650	2967	desilitnlarepegs	2433	21.719
200.0	20	595	1118	lstrtarehedhsont	1159	4.919
200.0	40	465	819	utsnsaieetrmfdae	1352	3.754
200.0	60	828	1555	repssptaotirrsel	1759	6.466
200.0	80	725	1629	tesapntneaistret	1315	8.103
200.0	100	555	2004	strseaehbrntuois	1552	13.678
200.0	120	829	2079	dilbseaortscaeul	1746	11.597
200.0	140	792	2373	toaictrnsaespeld	1925	13.675
200.0	160	742	2748	sltheaiednrsgete	2539	20.172
200.0	180	801	2683	spanerisecetdlar	2019	17.686
200.0	200	823	1755	beshnitogarelesr	2007	8.987
200.0	220	712	2830	iesdtretesalimpe	2134	20.151
200.0	240	638	1857	tsprsaeiltrdbeas	2054	11.793
200.0	260	643	2716	dspleiarrtnesats	2589	20.167
200.0	280	668	2051	dlstetaeseirrnts	2148	12.99
200.0	300	796	2278	ersniteilarpseso	1916	13.618
200.0	320	677	3140	latspineserthcas	2502	23.834
200.0	340	741	1629	qudosraelteiassnr	1081	7.297
200.0	360	751	3376	tsldeaieprtssoet	2527	26.419
200.0	380	611	2821	resatalgsineredt	2558	21.295
200.0	400	652	3040	sidsborelattpesa	2047	22.02
200.0	420	592	2634	seaquntrtaiesslpp	2411	20.386
200.0	440	720	2775	srosetapsnihredc	2222	18.695
200.0	460	616	3489	seiorttnoasepbld	2138	26.977
200.0	480	740	3280	suotrprseaiestnd	2844	25.384
200.0	500	883	4235	otsrsredeainltsp	2214	29.917
200.0	520	672	4043	senstiroaetudrsb	2087	32.009
200.0	540	811	3259	sneretidtralosec	2528	24.761
200.0	560	760	3512	setoparslitedens	2931	28.131
200.0	580	816	3041	lgntaiesstrlneap	2391	20.747
210.0	20	556	846	edyoliobatrsuseh	844	2.953
210.0	40	607	1212	shurradeyeldtsep	955	5.213
210.0	60	829	1314	tinicolereasquptg	956	4.567
210.0	80	898	1623	psetratrteloispi	1648	7.085
210.0	100	665	1602	ltsoeiaesnrcates	1988	8.402
210.0	120	700	1583	tdrhieatsnesitry	1459	8.18
210.0	140	875	1736	teatstrseiaednlc	2367	9.036
210.0	160	622	1905	sresetiltnamiscp	2199	12.52
210.0	180	519	2214	sepstrilenatdves	2544	16.028
210.0	200	654	1423	dnsquieailltrcset	1450	6.79
210.0	220	827	2564	mrlseaiestngrear	2255	17.199
210.0	240	630	3083	sedatalsripodest	2536	23.153
210.0	260	703	2708	ltsreatebringosl	2081	17.019
210.0	280	687	3277	nrshetapsielprls	2182	22.395
210.0	300	789	3104	olrpscaehetsdero	2051	20.373
210.0	320	596	3758	sedttnesatirslam	2630	30.351
210.0	340	785	2616	gesarntreaieslts	2844	19.788
210.0	360	760	2821	gntsaeiostrptesa	2264	21.085
210.0	380	835	3282	deparalsetirsned	2629	21.848
210.0	400	741	2816	lepstarlstiarens	2759	19.915
210.0	420	899	2374	desnnitotarssemu	2183	14.711
210.0	440	735	2709	clpaiaesdrtssero	2346	19.011
210.0	460	831	3857	serapatslineserd	3316	32.075
210.0	480	925	3485	oseptrateintldes	2445	25.79
210.0	500	903	4231	setsnteaierpdrso	2188	32.369
210.0	520	664	4292	geesntlrsiapreps	2495	32.159
210.0	540	764	3062	semstarelintpses	2603	23.533
210.0	560	815	3634	spldeaierntsseca	2768	27.748
210.0	580	743	4503	pstsarenetidhsal	2452	35.688
220.0	20	556	741	rechsiasatnrreue	1193	2.228
220.0	40	679	1312	erhsstadiliemons	1379	5.818
220.0	60	741	1399	taphlerssietatna	1724	6.389
220.0	80	686	1623	gnassinstelerads	1491	8.477
220.0	100	641	1402	splfeaisrntssret	2111	7.568
220.0	120	634	1232	tsreeiatrlnsseta	1883	5.927
220.0	140	876	2201	sttleaiedmrnpest	1983	12.593
220.0	160	717	2048	snthiaesltrndesu	2119	12.886
220.0	180	852	2743	sedetnrsoaitdmer	2061	17.792
220.0	200	813	2516	gdiseregesanhtil	2090	15.858
220.0	220	776	2730	lgnreaiesrtsepou	2455	18.306
220.0	240	768	2042	satrgresenilstap	2796	13.06
220.0	260	820	2517	qumlsaiapntrdseer	2330	15.046
220.0	280	899	3130	dcseherttairsled	1867	19.653
220.0	300	896	2923	lanetirssetadeni	2106	20.877
220.0	320	892	2305	serstiduranelets	2503	14.013
220.0	340	807	2527	vnareistrtlesapd	1908	14.944
220.0	360	743	5208	sgesarntteaidslp	3148	49.054
220.0	380	889	3147	desanirttapesers	2711	24.926
220.0	400	770	3270	seaotrntaiessldr	2518	25.179
220.0	420	864	3324	senotirtnaesrglr	2403	22.317
220.0	440	763	2965	drrseiatstnecors	2433	21.293
220.0	460	808	3652	gretenasstileram	2700	31.002
220.0	480	764	4227	catorensstielard	2352	32.233
220.0	500	798	4058	deettnrssaiecbld	2643	32.858
220.0	520	889	3519	anirsteperasdlet	2480	27.47
220.0	540	836	3540	assrtrepetalsnis	2715	30.048
220.0	560	918	3274	snectiaserptrses	2368	24.137
220.0	580	896	3995	sresamitplansres	2842	28.705
230.0	20	747	1398	tenfsiselardlete	1430	6.173
230.0	40	774	1496	morsbatelnilfser	1527	6.679
230.0	60	764	1793	tsnplitoearestns	1762	9.853
230.0	80	887	1694	saesmrthieatdnss	2064	8.042
230.0	100	775	2051	dnsleeairtrpaese	1723	12.63
230.0	120	864	2096	rpsteaiectnrhesg	2226	11.379
230.0	140	904	1725	hressatrpletedis	1807	7.678
230.0	160	850	1764	sensaooimltresep	1178	8.193
230.0	180	921	2138	tsldeiaerntrsoes	2653	12.633
230.0	200	1018	3163	tinslateperdsois	2438	19.469
230.0	220	919	2295	stsrcareletipsts	2023	13.606
230.0	240	855	3157	cesrdrteeainplgd	2534	23.162
230.0	260	1013	3318	rsedentrtiaehslb	2507	22.706
230.0	280	909	2473	dsesettrraiecpsn	2020	16.203
230.0	300	595	3515	setslanepirgsets	3070	28.257
230.0	320	776	2725	eredstinlaetiprs	2406	17.328
230.0	340	878	2712	gdessntroiaerbls	2619	16.685
230.0	360	872	3355	snimetacrretsdus	2255	23.767
230.0	380	819	3333	tlseetaperiesngr	2199	23.431
230.0	400	1020	3176	slesaitrgnatesep	2117	20.151
230.0	420	824	2622	rssdetietralosev	2077	17.731
230.0	440	848	2624	dapttersstielans	2249	16.622
230.0	460	866	3904	derspitelanisegs	3012	31.345
230.0	480	760	3432	segspaneritrdesa	2571	27.531
230.0	500	994	4168	stiuerndlaesbcth	2291	28.411
230.0	520	913	2926	tsieetlnreagsrps	2115	17.55
230.0	540	952	3555	dnlbeiausrtsated	2404	24.798
230.0	560	467	3527	plmdeaiesrtnotes	2910	33.451
230.0	580	741	3148	setspirelaneestd	3075	26.021
240.0	20	764	1170	nseiiptslastbere	1554	4.375
240.0	40	963	1437	snesrtireatechys	1714	5.503
240.0	60	848	1550	tileserspaethrts	1429	6.834
240.0	80	939	1958	tsereapsrlitsedr	2083	9.273
240.0	100	927	2349	blmpeaeitrsdhset	1764	14.297
240.0	120	835	2215	ptsgleresanttmis	1765	12.184
240.0	140	843	2127	dscpnelatarssehc	1956	12.465
240.0	160	931	2970	msrspatelinereds	2811	18.319
240.0	180	783	2188	asedtregetanslim	2650	13.127
240.0	200	956	2229	intslaeipertosta	1911	11.915
240.0	220	906	2670	esectralenitsdes	2817	18.567
240.0	240	867	2650	sengtirssaetplba	2448	17.0
240.0	260	949	2641	etrerslpeiaodtsh	1860	14.658
240.0	280	853	2262	snesoritetaldser	2577	15.194
240.0	300	812	3713	manssitelaripeds	2652	28.873
240.0	320	916	3570	rsidetemnrapsils	2590	24.931
240.0	340	888	2917	draietncsiesldre	1938	19.091
240.0	360	994	3308	sthcreaidrtnsaes	2078	23.14
240.0	380	879	1851	quhricuteoesarnrt	788	7.912
240.0	400	1078	2258	tserapitoranstes	2182	11.852
240.0	420	830	4635	blsreatergniseed	2296	31.952
240.0	440	914	3403	gntrseiartlpnase	2489	22.593
240.0	460	651	2700	lardstieenslreap	2265	20.163
240.0	480	901	2572	setsntreeiapdmls	2947	16.137
240.0	500	958	3655	sdrtnaesetlpsroi	2106	22.748
240.0	520	840	4978	gresenapstilared	3247	45.774
240.0	540	858	3132	aetsdrneaiegltsr	2305	23.453
240.0	560	856	5445	sordnrteeiasstlp	2765	47.325
240.0	580	978	5741	ntsmeiapdrlesets	2749	45.514
250.0	20	946	1562	snedotensrivtcau	1084	5.71
250.0	40	872	1541	etaiestlrioeansr	1528	6.347
250.0	60	748	1687	hwrbdelanatestrs	1447	8.511
250.0	80	859	1558	ucedltnreaiemsst	1790	7.394
250.0	100	1009	1923	osenltrpaeaomgst	1567	9.022
250.0	120	863	1926	desitnrtsiaeepdr	1941	10.295
250.0	140	875	1800	esigplrneaeattsd	1788	9.321
250.0	160	862	2442	stamerieenaldtsa	2161	14.461
250.0	180	880	1786	tlaseietsrnetagd	2124	8.862
250.0	200	711	2828	sgesdrnteeaistls	2820	19.243
250.0	220	976	2414	gnmdeaierstldese	2410	14.315
250.0	240	910	3977	sdisperslatesint	2740	29.763
250.0	260	962	3017	plcseaettrnssieg	2425	21.134
250.0	280	751	3067	onsrireletapsnis	2454	21.646
250.0	300	799	2700	brciuaenrstasehc	1731	18.604
250.0	320	969	4169	detotnrsaieaslps	2553	32.289
250.0	340	844	3119	itessnrdeaieltsp	2663	23.868
250.0	360	702	1431	ehfquerefslasreti	810	5.705
250.0	380	780	3159	serslatgminesera	2651	22.393
250.0	400	943	3213	trpbisaleteisrnd	2404	21.963
250.0	420	934	2512	prteearsstielang	2438	16.224
250.0	440	844	2591	renesitdtrassepl	2231	16.42
250.0	460	918	2547	spldeaierntrstes	3187	16.423
250.0	480	941	4671	stesantrreiadspl	3053	39.3
250.0	500	1053	4008	srepotalsnilrecs	2347	27.829
250.0	520	744	3570	rngcseialtrspate	2325	26.775
250.0	540	820	2630	steraitsprnesoed	2429	17.686
250.0	560	793	4266	teosslrpeiaednts	2922	38.416
250.0	580	839	3552	sotslireaedatstc	2039	25.498
260.0	20	850	1441	vetsalerevindnai	916	5.975
260.0	40	1052	1799	tsngoeiarlvrsaet	1864	7.569
260.0	60	961	1813	hsnicetorasrotes	1816	8.478
260.0	80	954	2108	senslirtoaeortsr	1736	10.216
260.0	100	1057	2274	sdetoracutelssrs	1716	11.537
260.0	120	911	1979	rseseritptacopsw	1770	10.424
260.0	140	989	2575	snidotelsrasietp	2151	16.902
260.0	160	850	2073	dspleeairtnrsies	2629	15.402
260.0	180	918	2141	sertdtirenaptest	1716	11.787
260.0	200	933	2402	sternrtseiaesplb	2890	14.577
260.0	220	1083	2635	stndeiaesrpstous	2398	14.569
260.0	240	889	2545	sicltraietsdaser	1717	14.348
260.0	260	906	2864	srebenaltdissart	2248	17.933
260.0	280	1004	2404	tinsradetelosicb	1726	13.664
260.0	300	1034	3320	etedsralotissner	2651	22.199
260.0	320	1024	2615	isestrinelatsdes	2341	15.099
260.0	340	792	2598	slesepanaritgdes	2635	18.744
260.0	360	997	3404	reisstngtaredels	2327	21.781
260.0	380	1102	4142	sgaeernttiessald	2436	28.508
260.0	400	947	2532	segqurinatamsselh	1922	14.528
260.0	420	1058	3693	stnsraieeltrspas	2801	27.128
260.0	440	970	3664	resontrpsiaeelts	2812	28.722
260.0	460	925	3535	isetpdrneaieslts	2563	26.473
260.0	480	1060	3951	slpseiatdnregesr	2879	29.218
260.0	500	1018	3784	nsegatinpledsers	2268	23.865
260.0	520	772	3143	dlpseiaertnrsetu	3033	26.067
260.0	540	959	3932	manspireletadasl	2414	29.436
260.0	560	849	3843	slcdiaesrntrseia	2617	29.726
260.0	580	865	3470	tiesmplroaeecstd	2213	25.4
270.0	20	771	1203	totirtneeasdmrem	1077	4.716
270.0	40	1056	1482	phrysoturelsanio	842	4.546
270.0	60	696	1102	odeteltrpiasmsne	1672	4.395
270.0	80	907	1954	hsiasetntaredods	1578	10.02
270.0	100	945	2105	nrtsreanseditina	1505	11.297
270.0	120	954	2208	msenalidtretessa	1565	10.913
270.0	140	911	1774	qutsngaietnrsseop	1510	8.07
270.0	160	900	2277	slateriseanestrg	2039	12.709
270.0	180	1057	2633	lserantditealsrb	1989	14.85
270.0	200	839	2392	cstrtaeilendstrs	1930	14.575
270.0	220	1046	3082	consrtieeasrlsto	2019	18.461
270.0	240	909	3778	pstdlaierenrdtso	2530	24.917
270.0	260	737	2599	mplssaeotertnisa	2205	17.615
270.0	280	1015	2315	tasetertsilaneps	2187	13.319
270.0	300	940	2435	lpsdiaettnrasegs	3075	15.209
270.0	320	990	2775	ceretnscitalsrep	2045	16.442
270.0	340	967	2753	ieaodlmneaiestrs	1964	16.026
270.0	360	933	3325	sledatisrnetogsr	2150	22.8
270.0	380	891	4120	utesrntreaiedlsd	2844	32.835
270.0	400	913	2845	cdnsaeiasrtlutes	2459	19.069
270.0	420	926	2536	sretentssiaetrlp	2645	16.966
270.0	440	905	3238	tsederilitamsnes	2562	24.1
270.0	460	1007	4564	splttaessrtnreia	2413	35.344
270.0	480	910	2042	quseetrgdeainpssl	1630	10.22
270.0	500	989	3545	srestalpneiosdrs	2523	23.194
270.0	520	950	3064	seprralonetsstie	2177	19.362
270.0	540	924	2133	pasqubtluiemedprs	762	9.029
270.0	560	774	5357	setsstraeaehblcd	2043	44.388
270.0	580	990	3862	slpdiaeintrssetg	2940	28.046
280.0	20	1009	1469	croseltileasrsph	1171	5.275
280.0	40	1007	1597	rdileaesdmtrveot	1110	5.853
280.0	60	993	1701	iaedsnrteiosrdap	1418	7.018
280.0	80	1133	2124	dtmceiaonrltsaes	2003	9.951
280.0	100	1016	1816	rllsiaeogntrcose	1471	7.661
280.0	120	882	2480	dsoaertntaeitspl	2098	15.153
280.0	140	1041	1982	aterristnetagsle	1986	9.158
280.0	160	1092	2857	rlpmseastretaind	2323	16.272
280.0	180	1003	3181	stedirapanelstgs	2397	19.865
280.0	200	1042	2688	dretsenshtilcsaf	1720	14.279
280.0	220	1029	3021	psesartnteiaspls	2757	21.355
280.0	240	898	2219	stltaieaprnsseti	2601	14.549
280.0	260	984	2471	enedstilesarurte	2085	14.953
280.0	280	1053	2364	dcstreoutardesei	1359	10.805
280.0	300	1081	2726	gnidiseretaestlb	2078	15.469
280.0	320	874	2914	resaprtleaisstne	2340	20.194
280.0	340	896	4230	reststrceiaednsp	2636	35.452
280.0	360	908	3075	tepsraleeingstas	2330	20.498
280.0	380	1053	3905	sligpansretitser	2592	28.311
280.0	400	982	3516	seratiselantserg	2602	25.472
280.0	420	1046	4030	clpriaesntrdseia	3046	31.404
280.0	440	959	3219	slcseiaenrtnsoes	2518	21.861
280.0	460	1012	3771	anesstitesrarepe	2086	25.9
280.0	480	845	3868	stibenaldrepagsd	3023	29.001
280.0	500	892	2617	denalitsparesetr	2673	19.494
280.0	520	1014	4252	msrttaegelinsred	2061	29.905
280.0	540	1036	4426	rtsraieaplngosed	2739	34.463
280.0	560	1095	3375	rsldeaiegntrdesa	2791	21.464
280.0	580	1199	3751	stleeiasnrtesarn	2227	25.583
290.0	20	985	1545	ahvevatrgiesanlo	701	5.407
290.0	40	1121	1943	etndlgaiserssret	1438	7.652
290.0	60	1065	1698	tesnsteieratrmos	1652	6.847
290.0	80	1183	1887	draeeisttnesariv	1655	7.018
290.0	100	1101	2260	uscetrtneaisdnge	1582	10.22
290.0	120	1015	2516	etdsresrgatenils	1995	13.825
290.0	140	1055	2447	inesatrtsiaeemdl	2091	13.583
290.0	160	999	3047	dnseietrlaredeps	2337	20.695
290.0	180	903	2495	esetntsreiaedrpt	2180	14.891
290.0	200	1105	2717	mdndeiaestrpdets	2198	15.206
290.0	220	926	2688	tsngeiaevrltdees	2404	17.541
290.0	240	1034	2345	segstnrteaiempld	2782	12.97
290.0	260	1057	3029	epsolapttinesers	2364	20.512
290.0	280	871	2891	saprtresetilsnaf	2874	21.07
290.0	300	998	3073	nsrmteiaaltnsres	2254	20.041
290.0	320	1128	2777	pletoiasntrpseer	2479	17.851
290.0	340	1075	3182	iesrctresainpled	2251	24.003
290.0	360	1193	4093	seesntrdeiaedslp	2706	28.232
290.0	380	1002	4378	rsesentrdiaeslps	2892	33.817
290.0	400	961	3509	pelaratistnsered	2503	24.781
290.0	420	1124	3720	siatlntrdeessrid	1987	24.426
290.0	440	987	3600	enidgretseasrtlb	2392	26.737
290.0	460	964	2987	setirtnseaiespls	2849	23.365
290.0	480	970	3254	spesolrcteahstse	1938	22.255
290.0	500	1085	4354	serslatrtinemsed	2447	30.346
290.0	520	867	5211	derslitesaniregn	2801	43.604
290.0	540	1032	4874	desurtnraieacpld	2600	42.042
290.0	560	1169	4051	drscaeioltntbase	2084	30.609
290.0	580	895	4355	tsegertngeaidslp	2644	34.176
