Param1	Param2	Boards Accepted	Boards Scored	Board	Score	Time
1	10	27	54	rchlbeiptrasietc	639	0.592
1	20	94	188	dloncesinamtipli	667	0.503
1	30	98	196	uosytageeslnwati	823	0.385
1	40	115	230	enopgisemtntaiau	726	0.737
1	50	291	582	eceslaremintfdes	1697	2.321
1	60	250	500	dsedetironarcgep	1899	2.821
1	70	298	596	hintterosabsweli	1708	3.594
1	80	515	1030	grseenipetalhsre	2345	4.841
1	90	516	1032	srasetipinalgred	2888	5.944
1	100	272	544	drieserstaetidls	1743	2.624
1	110	484	968	eticgnslseaeprtm	1802	3.822
1	120	321	642	idelarabitsunedt	1175	2.263
1	130	918	1836	sdesorittpaluser	2542	9.104
1	140	485	970	ustrrnieeeradstg	1740	4.196
1	150	363	726	tdeeesltpisamoth	1124	2.493
1	160	557	1114	sotiranscetesdrt	1869	5.212
1	170	907	1814	slinepatsrestedl	2181	10.327
1	180	873	1746	rsdaterisaetmpls	2447	8.602
1	190	924	1848	dntseiaesrlrtpes	2780	9.338
1	200	797	1594	derslateeptssroa	2026	7.424
1	210	911	1822	aiesntrpseaehcdl	2511	8.856
1	220	1004	2008	aperslagetinarse	2661	10.486
1	230	818	1636	shdscaetgrtaenis	1813	7.061
1	240	1008	2016	tplmseaiarnttges	2583	11.058
1	250	1058	2116	entssiaetrlpedes	2563	10.531
1	260	595	1190	icesstrlieaidnts	2345	6.82
1	270	1689	3378	soastprtaeiegnsd	2338	18.918
1	280	739	1478	rstletaeirsmcnoi	1833	7.273
1	290	1177	2354	reslcatilenapsrg	2439	14.172
2	10	18	54	espwtlowurahliny	411	0.148
2	20	62	186	uesobtrnhatepsrh	1160	0.747
2	30	123	369	lroftailetensrsd	1590	1.811
2	40	104	312	eselstaherotivus	1211	1.335
2	50	141	423	detspaersirltels	1610	1.798
2	60	282	846	lstupercmanelits	2301	3.971
2	70	507	1521	drapeitesnrsatop	2199	7.332
2	80	235	705	reaptlsratierenm	1627	3.622
2	90	398	1194	csnaretitaelpsrd	1878	5.865
2	100	263	789	dertaesiltnasorg	1707	3.67
2	110	346	1038	atedsrneeaisplte	2502	5.428
2	120	466	1398	sngditesrasrlepe	2168	7.213
2	130	542	1626	gnseeatrliresons	2279	8.883
2	140	575	1725	pantlitesersdtao	2615	9.718
2	150	225	675	geabdnlsteiahsrv	1774	3.261
2	160	395	1185	cesthorepinedest	1776	5.632
2	170	444	1332	slpsaeiarsnreite	2169	7.532
2	180	632	1896	sengrstietarsled	2410	10.384
2	190	1216	3648	prtdaiesntlrseab	2431	19.681
2	200	1057	3171	nesadteperalrsob	2103	17.153
2	210	675	2025	sidrnarecetsshen	2049	10.422
2	220	723	2169	dlpreaescrtsseat	2304	13.55
2	230	615	1845	dltseiaesrngteos	2674	9.998
2	240	948	2844	rschetaenirpsels	2493	14.831
2	250	985	2955	paselitrrenasegs	2529	16.964
2	260	947	2841	osegtlaneritsdes	2967	16.443
2	270	1366	4098	pactserstineralg	2513	23.895
2	280	645	1935	dplsseatrtreuocs	2089	9.978
2	290	1489	4467	slmspaiedrtniesa	2507	23.879
3	10	42	168	arwkoieemsnreete	720	0.569
3	20	77	308	htamrsepertsnial	1356	1.447
3	30	93	372	rlivatesetsresou	1079	1.422
3	40	138	552	stnerileeatrtsso	1671	2.583
3	50	201	804	rfonelrspaetesti	1507	3.501
3	60	201	804	gevoralisitemors	1712	3.266
3	70	249	996	gredenisstatorec	2463	5.657
3	80	195	780	otepansrsieahtll	1600	3.659
3	90	278	1112	esoalrtmaierntsd	1768	5.799
3	100	472	1888	blessaidteneesra	1804	8.393
3	110	230	920	sresenilatralosp	1735	4.14
3	120	444	1776	hoctsraseteltdif	1860	8.74
3	130	558	2232	sntriaesltrpsedo	2506	11.814
3	140	524	2096	egedsrntteaihcsl	2236	10.363
3	150	757	3028	telssaricetorins	2323	15.951
3	160	517	2068	pgesaronstelesav	1618	9.988
3	170	627	2508	dslbteaiirntsges	2955	13.945
3	180	498	1992	espatiltnateresr	2160	9.984
3	190	860	3440	sarsetieenalgrsp	2685	16.319
3	200	1255	5020	anedetilsrasapet	2763	26.131
3	210	881	3524	ldngaiesprtlseas	2625	19.404
3	220	559	2236	stareilpnresstad	2376	9.249
3	230	1048	4192	stldeaieprnsseta	3086	22.967
3	240	747	2988	parusetstanerimd	2207	14.616
3	250	877	3508	retspirdlanecets	2659	17.656
3	260	1358	5432	detorstrseiadngl	2105	23.511
3	270	765	3060	stasierdlniegats	2384	15.582
3	280	658	2632	dstseaietnrmosep	2261	13.208
3	290	1160	4640	retcpsraaesnlted	1868	21.189
4	10	24	120	ersdoaretisisnop	820	0.424
4	20	137	685	tcesontrsraeolps	1469	2.484
4	30	65	325	leerdartwineatsg	1294	1.191
4	40	313	1565	tseclrndeaieptsr	2284	5.884
4	50	233	1165	emsparietetnshsa	1811	4.906
4	60	315	1575	ctdrpaesserttsni	1823	7.008
4	70	209	1045	toispsldteeasrth	1676	4.678
4	80	414	2070	mctrsaestrlsepou	1612	7.806
4	90	470	2350	tattsinemersdatu	2106	11.488
4	100	241	1205	ctsrehaderewatst	1449	4.368
4	110	343	1715	odensritteasdill	2043	6.97
4	120	519	2595	pserdirpneaeestl	2032	11.771
4	130	387	1935	lideaerprtsoesin	1730	8.131
4	140	416	2080	rosgptneeierrdls	1888	7.842
4	150	750	3750	sdgsenisrtemosar	1951	13.267
4	160	535	2675	dnpeeiassrlttaed	2564	11.571
4	170	624	3120	anedtritseasdplc	2559	15.273
4	180	551	2755	hoosstrpieaedlst	2398	15.1
4	190	332	1660	adslneiaitrpsmes	1942	7.255
4	200	676	3380	dtrwesaeretlehsi	1724	13.684
4	210	385	1925	geronatstilesera	2417	9.332
4	220	790	3950	gesolartmiterens	2654	19.001
4	230	898	4490	drsteirentalestb	2322	18.576
4	240	939	4695	seosrplreaiestnd	2942	21.395
4	250	1360	6800	derenilsetapsred	2767	33.534
4	260	542	2710	wastteresedipons	2032	12.782
4	270	547	2735	tsdrhreieatnslus	1861	10.56
4	280	1079	5395	esigstlnneaedirs	2310	24.54
4	290	1039	5195	seasplrtiaeintsd	2449	25.071
5	10	31	186	figflernsaeonsth	1074	0.497
5	20	101	606	oestlaretineescb	1466	1.941
5	30	144	864	monscateteradops	1761	3.008
5	40	114	684	inetltasericseht	1333	2.123
5	50	183	1098	anerlitsparegstd	2113	3.827
5	60	293	1758	esrametilanesird	2256	6.456
5	70	173	1038	snlmitaeestrnhes	1501	3.614
5	80	305	1830	esiartnmeiaescls	2289	7.944
5	90	251	1506	seeadntrpaissled	2383	5.98
5	100	505	3030	reappltssieternd	2381	649.41
5	110	284	1704	latrdisenerpstas	2262	7.64
5	120	630	3780	gesrdrteeainplsa	2779	16.212
5	130	411	2466	dltseiaesnrgstes	2779	10.114
5	140	321	1926	metsdirelanefsth	2097	7.686
5	150	1099	6594	agesslndeaiertsr	2714	26.358
5	160	556	3336	dtpseiaesnrcatos	2479	16.975
5	170	336	2016	osentridaceleshe	1616	8.352
5	180	1229	7374	srtseaieglnrdest	2441	29.086
5	190	516	3096	rplsseaistnrored	2388	11.783
5	200	1079	6474	serdpatelinsdert	2990	30.285
5	210	626	3756	resotiptnalecers	2475	16.483
5	220	1221	7326	dntseiaeslrptest	2910	33.887
5	230	1066	6396	opsdaretetinslas	2672	29.198
5	240	1254	7524	slasepitarencdsg	2945	32.582
5	250	689	4134	satsltroieucdnst	2015	15.314
5	260	859	5154	pmessaintlrtdese	2417	19.648
5	270	924	5544	gsesintraleabspd	2313	22.4
5	280	951	5706	stisenrmgeaedlts	2531	23.611
5	290	387	2322	otsdpserarenctos	1607	9.917
6	10	14	98	emrntaetntlswfoe	697	0.199
6	20	88	616	hcoreratslesodte	1642	2.328
6	30	152	1064	seilrnttteussrop	1416	3.498
6	40	238	1666	rseretamsrinopse	1921	5.896
6	50	184	1288	sltsateonirssepa	1895	4.671
6	60	165	1155	wershoefstldteas	1449	3.391
6	70	171	1197	stennrateitsquset	1523	4.464
6	80	262	1834	potentrsieaisldm	1847	7.46
6	90	418	2926	selaratsitersnod	2184	11.693
6	100	313	2191	geredntseoitslre	1677	6.679
6	110	480	3360	sntdiaesltreserp	2386	15.316
6	120	412	2884	apessranetiltsed	2752	13.03
6	130	708	4956	heatstrsaoiecmnd	2125	19.795
6	140	311	2177	esndoiegprtlseas	2174	8.098
6	150	695	4865	predotalsceshert	2093	20.552
6	160	526	3682	esnrtieaartppsou	1981	15.047
6	170	402	2814	opsrilehetacsrti	1983	10.222
6	180	1015	7105	srtdniesetapsroh	2106	27.891
6	190	296	2072	apohirtsneeatsld	1852	8.357
6	200	838	5866	trehseisgntpraor	1985	20.49
6	210	940	6580	parsliteeandsres	2533	29.096
6	220	703	4921	erasplitsanetesr	2058	19.395
6	230	812	5684	staeestrreiagndw	2121	24.086
6	240	538	3766	gnedsritelasdmpe	2500	13.993
6	250	481	3367	sredetamnlspmier	2266	12.191
6	260	973	6811	estrliredanepets	2464	28.808
6	270	1480	10360	tsgdarenelitspas	3026	41.341
6	280	1036	7252	sntseaieplrdseas	3034	34.14
6	290	1292	9044	rsrgetaenilpgaso	2767	35.852
7	10	50	400	seloettparespldm	1102	1.06
7	20	88	704	disaneltrotebise	1490	2.008
7	30	218	1744	eschatinilegsdrs	1700	4.338
7	40	171	1368	eiudrtneeatsdspu	1626	3.701
7	50	299	2392	edetnirsseaerttl	1976	9.028
7	60	191	1528	derofatslterusic	1604	4.895
7	70	209	1672	blivsaedtsrnreto	1812	5.634
7	80	418	3344	estslaieitrdsnes	2330	12.573
7	90	306	2448	dsadetentrisnape	2140	9.738
7	100	368	2944	rstoheracaletspt	1984	10.695
7	110	492	3936	sesttnrdeaiedlps	2940	15.864
7	120	378	3024	spdlaeialcrtsaes	2090	11.493
7	130	559	4472	caselrtneeiadspl	2476	18.413
7	140	281	2248	dtsesetirorameps	1969	8.312
7	150	535	4280	desaertnpaiestsr	2392	16.492
7	160	460	3680	taseintrreeatspl	1784	13.945
7	170	872	6976	geersnittlaserep	2423	27.198
7	180	651	5208	esetnrtsoiaemblp	2616	20.667
7	190	500	4000	seedtrnssaetpgrd	1887	15.121
7	200	984	7872	isendrtiaelatspb	2152	28.596
7	210	539	4312	nsesirntteairscp	2073	17.124
7	220	565	4520	destnirematusels	2656	18.328
7	230	417	3336	seialrttoaeshpmd	1948	12.148
7	240	860	6880	mastperilatesins	2601	29.84
7	250	605	4840	slasetnrriegamsd	2190	16.642
7	260	640	5120	rtsnatedilergnas	2050	19.033
7	270	1066	8528	mindlatesersdipa	2687	35.256
7	280	1609	12872	rstleiaendrtsges	2705	48.435
7	290	745	5960	sglatenihartcose	2111	20.23
8	10	25	225	mentratosibcelaa	897	0.506
8	20	148	1332	hsidtneterasslim	2280	4.44
8	30	102	918	tenudtrcieaesnst	1724	3.355
8	40	260	2340	rselerattnisesem	2225	8.614
8	50	208	1872	lesitartnisederp	2187	6.251
8	60	91	819	vniqueosnertegnam	818	1.912
8	70	277	2493	telisarbsteiorsd	1782	8.986
8	80	473	4257	singlatebersdone	2479	15.439
8	90	296	2664	segalanspiteesrt	2805	10.484
8	100	353	3177	dsoiertntaesilpa	2070	11.693
8	110	538	4842	srenrepscatohsrt	1671	17.086
8	120	328	2952	geshnapotiresets	2362	11.216
8	130	554	4986	sldtaiesntrmseap	2625	19.282
8	140	545	4905	serprtlaaetidsna	2489	19.936
8	150	468	4212	sovepilrnaesstrt	1864	14.149
8	160	593	5337	serotapuirtssned	2116	19.328
8	170	411	3699	sporatestridesaw	2135	13.509
8	180	1065	9585	spleeiastrntsees	2727	41.309
8	190	617	5553	ntseeitrrsaeetlp	2174	22.738
8	200	990	8910	osrcrteaeasdlste	1795	33.734
8	210	1027	9243	tsepsraleticgned	2956	36.693
8	220	586	5274	tsuratederilbmos	1743	18.324
8	230	935	8415	otessntreiasdmlp	2900	32.759
8	240	462	4158	silenarsgetesind	2217	15.049
8	250	904	8136	dplsieaisrtnates	3028	33.161
8	260	678	6102	eresaltnstianers	2221	22.12
8	270	1020	9180	tplsseiardntaees	2586	34.462
8	280	754	6786	asehtrtcseairplb	2469	26.954
8	290	903	8127	setodrlseiaestng	2967	31.606
9	10	61	610	bsthgiaetnrtaeso	1430	1.694
9	20	82	820	oaetmstrniesadve	1407	2.3
9	30	78	780	cssenalsretemarn	1133	2.255
9	40	122	1220	esortretaeislden	1773	4.055
9	50	145	1450	iereltsesartpehs	1642	4.776
9	60	290	2900	snicetalprepsods	2783	9.62
9	70	176	1760	etprsaesinrtgtie	1664	5.769
9	80	632	6320	dinuserslatepint	2621	22.191
9	90	590	5900	rgotenrssaietltd	2375	19.212
9	100	279	2790	tsscieaesrntetis	1765	10.952
9	110	551	5510	ntesanariletsdis	1856	17.706
9	120	331	3310	etphseaonrlsgiet	2018	10.65
9	130	633	6330	strdreaepintlase	2240	24.236
9	140	583	5830	petslaresintteso	2657	24.032
9	150	441	4410	gesdnretitasslep	2566	16.057
9	160	422	4220	plcdeaestrntseia	2590	16.286
9	170	464	4640	oprcsiaeetndrseg	2613	17.261
9	180	885	8850	sdrseaetpltnosia	2504	33.637
9	190	903	9030	stosentrreiasdps	2539	33.875
9	200	882	8820	sinsteraitepclas	1906	33.168
9	210	1803	18030	sedsrtnreaieplsm	2901	86.605
9	220	1023	10230	snasetilarepcdsr	3045	40.338
9	230	921	9210	gseptnaletirrsed	2777	40.898
9	240	821	8210	resodilpneaestrs	2833	35.407
9	250	991	9910	silsnateetrssrop	2434	49.493
9	260	446	4460	retiserstanelidt	2100	26.247
9	270	723	7230	dnstieaeltrpteso	2352	37.295
9	280	626	6260	osirpreseatedsld	2142	27.026
9	290	511	5110	laropintseestrdl	2248	22.86
10	10	27	297	sschtaiorellsore	1348	1.306
10	20	80	880	lartietotsnrteei	1071	4.077
10	30	121	1331	asnrrtaeeiltdens	1706	5.756
10	40	98	1078	ndstgiettnresods	1429	3.53
10	50	313	3443	otshnreteiasstle	2142	15.4
10	60	458	5038	stipenaliressdte	2855	27.091
10	70	263	2893	pasimntreiaescls	2350	15.321
10	80	506	5566	sedsrenipitelars	2625	28.629
10	90	418	4598	sperlestgateford	1446	19.795
10	100	331	3641	sticenadsrelteps	2210	20.356
10	110	494	5434	splseiaedrntsets	3158	31.216
10	120	617	6787	delssiapntredest	2809	37.251
10	130	751	8261	larepitssenaderg	2956	38.943
10	140	531	5841	piltsateterssdro	2114	25.33
10	150	235	2585	roessndrteiesram	1550	9.676
10	160	913	10043	sresenchitarspes	2288	38.181
10	170	353	3883	sersliteraneetsd	2413	16.372
10	180	1293	14223	dtesentrsiaempls	2825	56.422
10	190	813	8943	samptilanersdest	2550	38.642
10	200	693	7623	asotplrbeiaesnts	2300	30.312
10	210	901	9911	strseaiepltnbase	2545	40.346
10	220	531	5841	reonatsrcsedehal	1505	21.466
10	230	336	3696	esngtilenareegst	2148	13.705
10	240	900	9900	soiartncaeselpdi	1914	38.88
10	250	421	4631	chacoseniltrbaes	1525	16.478
10	260	1140	12540	mpassirtneterals	2306	47.834
10	270	455	5005	prsdaeeintsrecou	1824	17.864
10	280	1012	11132	gesanrtliaesldpr	2425	42.381
10	290	1052	11572	dslpeiaenrtssted	2798	43.837
11	10	52	624	mtisurenosaeetlo	1144	1.563
11	20	141	1692	dtessertlinaagwe	1722	4.659
11	30	199	2388	srenetisratpselu	2274	7.703
11	40	94	1128	tenasrateitslane	1558	3.47
11	50	223	2676	edngseaihtrsacoe	1697	7.608
11	60	162	1944	orebstalietedrst	1744	5.868
11	70	158	1896	getsnosesirahetl	1606	5.757
11	80	240	2880	otersnasaeitmgre	1739	9.715
11	90	376	4512	alsrgietmntesars	2167	13.118
11	100	452	5424	slesotlrhoaecspd	1879	15.991
11	110	631	7572	setsdrlteiaestns	2698	29.668
11	120	464	5568	sredatrlteiarsnm	2367	26.079
11	130	324	3888	bansliteserttads	2649	16.001
11	140	245	2940	oiagntrlseesdirt	1930	10.52
11	150	333	3996	sgeranisetaldrem	2490	14.831
11	160	628	7536	bepslardsteaerch	1926	26.062
11	170	333	3996	rdlsseilntanoreg	2031	14.331
11	180	418	5016	dtsheaesrlprties	2135	18.879
11	190	1148	13776	sedstiranaledeps	3084	55.609
11	200	850	10200	deatplrssaieetnd	2895	41.585
11	210	889	10668	ptndsieolarspete	2358	37.158
11	220	985	11820	splseaiacrtnsies	2950	44.275
11	230	616	7392	setsltreeaindpsg	2506	23.887
11	240	489	5868	sanectldseisrgno	2008	16.207
11	250	850	10200	smlceiaenrtssaeh	2583	36.132
11	260	814	9768	staiertnpaessldr	2384	44.244
11	270	667	8004	desamrndaietltss	2088	26.857
11	280	725	8700	destlinepatrrese	2607	30.098
11	290	953	11436	rplbeiaenstrgtes	2873	40.142
12	10	60	780	boheesaverentsig	997	1.652
12	20	131	1703	soettrnsaeiagstl	2007	4.657
12	30	59	767	ltspeeaitsrotetc	1032	2.393
12	40	100	1300	dertniseerapstle	1851	3.848
12	50	140	1820	pawhstresetelind	1293	5.31
12	60	334	4342	eslbtiaeanrtgese	2266	13.836
12	70	220	2860	cigalrnseaeidstv	1964	8.349
12	80	341	4433	derepinsslatered	2287	13.149
12	90	350	4550	seesmtnraieaslts	2192	15.284
12	100	553	7189	suettnrsaeiadmtl	2236	23.005
12	110	599	7787	simglanipetsdsre	2512	23.184
12	120	459	5967	dmstiearrtegsans	2001	18.249
12	130	591	7683	srebetaltnimased	2809	27.013
12	140	612	7956	sanstirgletepasr	2354	25.889
12	150	566	7358	histtenesareligs	2089	24.206
12	160	812	10556	esprtaleritasens	2924	36.083
12	170	538	6994	oldnseaerstrotec	1893	21.441
12	180	394	5122	tsmleiaiprtnoses	2229	17.18
12	190	1308	17004	ursdotepsariteds	2044	57.228
12	200	501	6513	pedsrinetalgsers	2832	21.252
12	210	1405	18265	sldmeiaertnraseg	2945	64.276
12	220	253	3289	qusedoateolenbfir	846	5.541
12	230	393	5109	rsldeaietnmrseos	2442	15.892
12	240	995	12935	tsederinopatsles	2920	42.382
12	250	1210	15730	telpsarspitelond	2607	52.833
12	260	613	7969	fantlitesersdpat	2640	25.978
12	270	1200	15600	tsederipenalsted	2883	54.344
12	280	1254	16302	setsdrniaiegwtsr	2306	53.01
12	290	633	8229	sedstniloratspes	2841	25.989
13	10	26	364	perenotnustiiler	906	0.789
13	20	126	1764	hgelgnassitppere	1880	4.133
13	30	164	2296	egpwnlasiterserd	2092	5.871
13	40	78	1092	tsrpieaedntreset	1925	3.43
13	50	272	3808	saterinstedusera	2078	12.346
13	60	166	2324	slstateaonirsret	1689	9.075
13	70	176	2464	ydrnleessltroiaw	1455	7.403
13	80	308	4312	gmrdeaierntsseat	2372	18.83
13	90	248	3472	sngsdeirertecnas	1715	12.84
13	100	443	6202	peneratsselidtra	1974	20.288
13	110	407	5698	rstpderanicesots	2138	17.941
13	120	752	10528	plsdaieintrasets	2779	35.487
13	130	565	7910	pdiselepgratsnis	2326	24.346
13	140	305	4270	crphseestlatired	1758	12.837
13	150	301	4214	eplssaiartenorsg	2222	11.836
13	160	630	8820	tucdsreleiasgnte	2195	25.384
13	170	634	8876	opesslatiteronsd	2415	28.376
13	180	478	6692	snspetairelbdsma	1948	18.906
13	190	1300	18200	deralitssaneterg	3010	56.163
13	200	433	6062	hcsrmatepertdsno	2123	17.229
13	210	671	9394	lcseaertntaiedsl	1857	29.837
13	220	601	8414	toessrndeaieblts	2783	30.051
13	230	431	6034	drudseinhtascret	1805	17.362
13	240	1201	16814	slpsaieacntresos	2798	63.824
13	250	539	7546	psabateleritsnas	2288	27.176
13	260	594	8316	uridstenelasrbit	2086	27.872
13	270	414	5796	ndpaeirsrstasele	1653	18.026
13	280	612	8568	rchsseatdrtlbies	2326	27.327
13	290	651	9114	enidsretteasdlpc	2385	29.229
14	10	35	525	greheretspacemla	977	1.216
14	20	43	645	trehdsatsetamurs	1195	1.666
14	30	141	2115	psrteaternisedal	2057	6.322
14	40	417	6255	sdeliratetpssreu	2044	19.619
14	50	181	2715	saiotrtnaeessdpr	1987	8.114
14	60	127	1905	inspateagsrdreio	1674	5.371
14	70	238	3570	opetsraseticdngs	2182	9.876
14	80	423	6345	cesudrtoeainltse	2098	17.175
14	90	351	5265	dsoberalitetgnsr	2292	16.343
14	100	638	9570	seroprtsaieastnd	2556	35.371
14	110	337	5055	aldrsiepntasserm	1974	18.34
14	120	478	7170	clbriaesntsitera	2063	22.242
14	130	568	8520	setspardlinemats	2712	31.092
14	140	395	5925	slasetintredsats	2541	21.137
14	150	571	8565	rtadesenprisiate	1947	30.434
14	160	825	12375	osecnrtreiaetsml	2367	46.28
14	170	703	10545	dsraietilanesers	2588	42.406
14	180	965	14475	rslpetaenirtsdes	2720	48.539
14	190	865	12975	ustroresenalstic	2437	48.87
14	200	1333	19995	pesolinttaresecs	2807	72.258
14	210	481	7215	sendtitelarssemo	2584	24.861
14	220	742	11130	snederibhtalicse	2363	35.832
14	230	492	7380	ldesiarpstiorens	2509	23.707
14	240	709	10635	edabiseltratresc	1801	34.137
14	250	1282	19230	stsratederinspos	2509	67.58
14	260	620	9300	anisrtemsearllts	2057	30.201
14	270	958	14370	plgneaiestrsreto	2767	49.789
14	280	664	9960	slbseaigtrndsies	2383	29.778
14	290	1090	16350	dsprreleeitastsm	1911	51.8
15	10	24	384	ntaesenodenayomu	438	0.775
15	20	98	1568	sfrwliestantreci	1336	3.752
15	30	149	2384	paecsrlpgeiadnts	2389	6.868
15	40	244	3904	nithstesularobeg	1723	10.236
15	50	244	3904	prtsasegetndrite	1617	10.641
15	60	457	7312	petosarsiteilned	2115	22.461
15	70	347	5552	sregtnatelissred	2624	16.657
15	80	184	2944	tsrndeaeriltfacs	1812	8.495
15	90	389	6224	antsoseiiralnted	1618	18.749
15	100	358	5728	spthitaeelsrsred	1906	16.161
15	110	341	5456	imedetarsritenes	1976	16.064
15	120	213	3408	seestnrtaieaslvd	2585	11.337
15	130	491	7856	leshnatetirsdepa	2272	23.371
15	140	719	11504	itsrnrepealdstis	2229	35.15
15	150	442	7072	ahtscraeeirndsto	1841	21.067
15	160	806	12896	arossnetetisdrap	2448	41.757
15	170	639	10224	epissnattrecgers	2261	32.018
15	180	559	8944	derttaseetinsrag	2090	29.885
15	190	715	11440	sdtsgenarelisops	2193	35.046
15	200	539	8624	siottrnseageslir	2437	25.393
15	210	868	13888	plcreaiertndsees	2994	46.974
15	220	720	11520	cslptiaeernttsed	2583	39.211
15	230	564	9024	lerspateminssela	2565	30.496
15	240	356	5696	gsedunalerittsed	2534	16.77
15	250	858	13728	lepotarssenidtse	2017	46.385
15	260	732	11712	rolssetatirecans	2258	38.375
15	270	974	15584	mpldsaietersdont	2536	50.5
15	280	1317	21072	snedirtselacspeh	2416	65.09
15	290	846	13536	rsngteidatelsrab	2415	41.33
16	10	17	289	utfofleheesadstg	492	0.497
16	20	142	2414	eplcreasntsrisei	1781	6.336
16	30	77	1309	raescnttheiadsrw	1762	3.663
16	40	118	2006	epihslantreteose	1641	5.4
16	50	292	4964	steserntdeiahslb	2233	13.99
16	60	266	4522	opessratteildnse	2707	14.106
16	70	271	4607	nstpeiaedtrlseps	2260	13.142
16	80	421	7157	atsersenetiralsa	1676	20.645
16	90	274	4658	sedercniotalsres	1984	12.426
16	100	471	8007	tsdcselihatecors	2124	22.495
16	110	437	7429	beeslartditaresp	2303	22.688
16	120	488	8296	sdoserinntaecisp	1942	23.405
16	130	579	9843	retdganelirsseta	2658	31.901
16	140	642	10914	pcleaiattrnssege	2184	34.172
16	150	393	6681	diotenrssaeoltch	1858	19.986
16	160	565	9605	eagsdlneliersats	1925	27.832
16	170	461	7837	lestcineratrpeso	2437	24.264
16	180	643	10931	srteeeasdlpcsioh	2109	31.601
16	190	499	8483	fldpeeairstrtase	1858	26.06
16	200	1289	21913	lpsdiaetntrlseis	2755	65.518
16	210	629	10693	tnedisataltrpces	1941	30.427
16	220	355	6035	erubvnedetissrat	1849	16.978
16	230	966	16422	srapetiltnesargd	2873	51.571
16	240	806	13702	hseletagdrncaise	1944	37.935
16	250	798	13566	dtseenaperittsed	2407	42.969
16	260	700	11900	srsueirpntaesest	2124	38.245
16	270	656	11152	lerogatsnisemert	2337	34.21
16	280	1408	23936	srestdalenitsres	3021	75.328
16	290	1125	19125	sdesrtnreaiespls	3286	63.61
17	10	28	504	latnsemdtsuoernt	800	0.969
17	20	65	1170	wpsraiesrtniaest	1724	3.625
17	30	139	2502	prmdlateniradest	1822	6.89
17	40	86	1548	serytieagnltreil	1333	3.773
17	50	208	3744	esiscrtnaeaentsm	1737	10.955
17	60	197	3546	retsstaoiruloned	1404	8.982
17	70	124	2232	ysettrtleaesmdpr	1731	6.103
17	80	148	2664	ptefrasnletiysel	1471	7.49
17	90	339	6102	aseglinatertcase	2151	17.677
17	100	252	4536	iletsarstedosini	1804	12.729
17	110	569	10242	etiearsletoasnic	1807	30.313
17	120	685	12330	retastrseaieplmd	2519	35.389
17	130	396	7128	despetrosiagpens	1959	20.707
17	140	664	11952	dbrdeaierltsseac	2256	39.342
17	150	566	10188	reipstlseaelrdir	1973	31.373
17	160	1235	22230	hsedotirrnacsets	2406	69.6
17	170	425	7650	pstrareaenildtas	2230	25.534
17	180	419	7542	selsprtieatnhcse	2054	22.58
17	190	635	11430	taessrtleiagndns	2491	35.101
17	200	618	11124	sagsltneeiahsrcs	2275	32.437
17	210	1105	19890	parsstieentlgras	2716	60.04
17	220	1245	22410	sregetnslitebard	2647	66.583
17	230	876	15768	colssapeterirsdo	2317	46.329
17	240	688	12384	siesnrltteaidspm	2626	35.983
17	250	801	14418	tsabetilaredcpsr	2573	43.088
17	260	876	15768	tsecenirgatelers	2243	46.03
17	270	1067	19206	pesrlaterinasems	2604	63.607
17	280	554	9972	esaidltnoieesmrs	1889	29.999
17	290	973	17514	tsedenicrtalsrep	2939	55.877
18	10	19	361	rebestsmihauecos	702	0.667
18	20	90	1710	trotelasenieistr	1479	4.76
18	30	59	1121	pstorewydarssetg	982	2.252
18	40	111	2109	dnttreassmreioth	1331	5.193
18	50	83	1577	resaemtrpnaeohgl	1122	3.45
18	60	87	1653	srtswaeglinoostd	1301	3.698
18	70	377	7163	semsdaripetertsr	2076	21.188
18	80	563	10697	setcntraaiepplsd	2938	32.66
18	90	293	5567	eplssaietnrrdest	2573	16.858
18	100	352	6688	sinsetagarelpcos	1973	18.629
18	110	751	14269	dnseteilrratspes	2525	41.501
18	120	343	6517	dsapetsrraietsnd	2180	20.069
18	130	388	7372	aroslitusenareds	1933	19.501
18	140	570	10830	gerenastlitaders	2583	31.877
18	150	331	6289	msirodeselatsreh	1867	16.757
18	160	532	10108	seicrtrdoeaeblst	2047	32.335
18	170	727	13813	delbgiaenstrrets	2359	38.082
18	180	315	5985	tridineletassroc	2128	17.255
18	190	616	11704	tesersrceiatdpse	2149	36.866
18	200	755	14345	srniteatplesasrh	1957	39.935
18	210	568	10792	slettrasetipsnel	2491	35.533
18	220	871	16549	sdetiresetapslim	2523	51.263
18	230	1209	22971	sgerdnisetalsrep	3135	66.536
18	240	678	12882	gtisenalrderostg	2292	34.824
18	250	557	10583	gitcnsareletrdis	1981	30.092
18	260	1230	23370	sedstinelartpecs	3046	76.131
18	270	617	11723	gsetnrtseiaesldr	2799	36.406
18	280	975	18525	dengsirsetaernch	2195	50.972
18	290	836	15884	disorepttsaliner	1961	44.719
19	10	50	1000	hereladopinehsty	1265	2.164
19	20	84	1680	raietlsnteetsnrs	1505	4.424
19	30	110	2200	pelpeasorstrtien	1716	6.127
19	40	133	2660	psnoaeittlesutar	1579	6.777
19	50	213	4260	telasarcsitemons	2205	11.881
19	60	198	3960	esdegntriaesslpd	2514	10.587
19	70	328	6560	tupdsorenetsdipa	1896	16.641
19	80	502	10040	ersmitapanelgrst	2500	28.653
19	90	534	10680	idesertcstarinep	2084	31.572
19	100	452	9040	destlirdcaeihsth	2031	24.381
19	110	186	3720	electsarstesenid	1891	11.083
19	120	289	5780	souacrnseaetltsd	1918	15.983
19	130	563	11260	thdsseciparelets	2309	32.875
19	140	461	9220	ttscsealnrepiats	2207	28.24
19	150	706	14120	lagiinresterales	1750	39.067
19	160	398	7960	rtsmeaiedlnrsdes	2447	21.157
19	170	400	8000	srestentsraiecos	1763	23.183
19	180	514	10280	tarhsteciesegnrt	1704	30.427
19	190	620	12400	rspotelrniaedest	2095	37.298
19	200	1028	20560	detslanepirgsets	3187	62.991
19	210	418	8360	trassneteiallmps	2110	23.799
19	220	432	8640	sraseitpntlesabr	2424	22.89
19	230	656	13120	erectnassitlrele	2519	40.114
19	240	1209	24180	dlpeeiasnrtceseh	2711	70.313
19	250	850	17000	seottnrseaiedlpd	2913	52.298
19	260	1220	24400	delbrpsaosittred	2166	63.98
19	270	963	19260	dnsdirereatepsli	2199	53.695
19	280	598	11960	sreltiasmentsred	2197	34.361
19	290	1155	23100	seanplrtaiesstnd	2929	73.163
20	10	18	378	hreesadtpetilwny	746	0.702
20	20	71	1491	reeystslteasedim	1183	3.396
20	30	103	2163	sreiiartnetansli	1369	5.574
20	40	155	3255	esiarntrteaepics	1525	8.962
20	50	171	3591	dsarettnaleibrsp	1632	9.338
20	60	317	6657	saesltrnieiognct	2023	17.169
20	70	295	6195	iterslasopethrsd	2094	16.459
20	80	468	9828	blrdiaerstesanip	2002	26.061
20	90	155	3255	rtldiasenetasorp	1801	8.748
20	100	287	6027	hcseeatrrniasegl	2197	14.391
20	110	334	7014	splstaettsridend	2117	18.012
20	120	753	15813	masgrtneaierplds	2668	45.228
20	130	467	9807	lttseaiesrdntesi	2178	26.431
20	140	371	7791	sorepstdeaencrti	1793	21.974
20	150	223	4683	rntlseasntrogiab	1638	12.167
20	160	659	13839	mldraieartnssesi	2586	40.408
20	170	444	9324	grdeeatstsresopa	1759	26.997
20	180	423	8883	tsgsenipitarssob	1788	22.292
20	190	572	12012	srosenimgteasars	1924	34.006
20	200	503	10563	capsstrleiaednts	2588	31.031
20	210	1092	22932	etalsriepenslati	2173	67.652
20	220	1033	21693	plsteaiertnrdesg	3065	65.362
20	230	597	12537	trelsnateitsdere	2356	38.328
20	240	839	17619	straaeitclnetosr	1927	46.336
20	250	1365	28665	stlseiaernrcsets	2729	5418.627
20	260	1347	28287	sceptralenitsdes	3046	86.13
20	270	485	10185	esocprinoaedrtsr	2142	28.904
20	280	580	12180	spocelarritesens	2607	37.855
20	290	794	16674	grsmeaeiltndsies	2458	51.146
21	10	54	1188	ivorerettsalotsr	1141	2.687
21	20	79	1738	tsntieacnlrososb	1123	3.612
21	30	109	2398	hcesoandtriosetc	1586	5.76
21	40	101	2222	enaeistweteisrad	1365	5.764
21	50	306	6732	isretlesetapsrel	1739	18.24
21	60	246	5412	snaleoittpresadr	1604	13.779
21	70	265	5830	palsritedenrrseg	2411	15.698
21	80	215	4730	ioinctnmseaerdgr	1518	11.353
21	90	162	3564	setstiraaelodspt	1890	9.38
21	100	667	14674	plsaeainsrteoeds	2335	43.718
21	110	276	6072	retdlsirylamobes	1510	14.415
21	120	621	13662	secdnaregitnreso	2256	39.006
21	130	510	11220	sleratasnirtdese	2455	30.27
21	140	304	6688	esedtrlioaetchse	1998	17.677
21	150	418	9196	hesrstreneatdils	2132	26.369
21	160	571	12562	etaesrlpaiesmdnt	2305	35.785
21	170	872	19184	gsegtnaletipsres	3091	60.789
21	180	688	15136	dersnileetapsred	2723	45.384
21	190	551	12122	nditetessralimpc	1955	34.19
21	200	352	7744	aeesgrnteiaestsd	2123	25.024
21	210	548	12056	stdlrenieatepsls	2128	34.737
21	220	869	19118	dbldeiaertsrsetu	2578	54.839
21	230	923	20306	sredatnsliaeserg	2453	56.448
21	240	584	12848	spoulerscateitsr	2124	38.092
21	250	856	18832	ceresantltiseder	2343	55.049
21	260	1423	31306	seprtarelintdesg	2978	445.769
21	270	585	12870	adlpseiortsmteap	1808	38.831
21	280	1138	25036	dstaperdlinesats	2995	75.506
21	290	1437	31614	spleeiasrntrgsed	3100	95.408
22	10	60	1380	edcriteeesalrrij	1189	3.152
22	20	55	1265	ortnsteresapchel	1660	3.176
22	30	124	2852	tsntseeilardttes	1650	7.815
22	40	199	4577	relsdataeirenseb	1880	12.589
22	50	146	3358	dtsgedenelitsras	1951	8.334
22	60	258	5934	stsgrnerdealsstc	1775	15.657
22	70	308	7084	gnasiretteahslco	1850	19.898
22	80	271	6233	freslentdisaretr	1795	16.219
22	90	367	8441	detsntrnsaieplmb	2499	22.507
22	100	778	17894	dnthseasriledevr	2252	46.648
22	110	458	10534	cansretisrasoted	2259	31.91
22	120	571	13133	ptsrirepnealdstt	2247	36.261
22	130	291	6693	ptessrndeiaedtls	2684	20.174
22	140	448	10304	ndeseniltrapstes	2888	31.731
22	150	333	7659	nitlstaererpdcis	1836	20.948
22	160	756	17388	snesatimeralspos	2694	53.712
22	170	542	12466	rsmserapitelanst	2302	36.245
22	180	556	12788	telisarspeteridt	2213	38.94
22	190	485	11155	otessrtnaeiagdls	2553	31.615
22	200	570	13110	clesoiatntrceser	2221	37.004
22	210	1209	27807	dsrcpetalansmige	2590	75.914
22	220	1157	26611	sgesrlndeaiestrs	3056	78.186
22	230	1018	23414	destlineparisets	3073	71.456
22	240	764	17572	sngaoieslrteesal	1986	46.199
22	250	864	19872	plstaierrtnasets	2870	63.066
22	260	603	13869	coisrtnmseaedilr	2130	37.466
22	270	1178	27094	parslitedenarsgr	3045	78.957
22	280	484	11132	esuraneptrisseta	1970	33.586
22	290	789	18147	plscaeopstrudets	2011	47.982
23	10	29	696	laegdnireotebhsi	782	1.345
23	20	84	2016	drateistlcnesard	1807	4.612
23	30	127	3048	lprvoaeirtsdsees	1885	8.099
23	40	135	3240	idtrlaesetnihrom	1456	7.581
23	50	158	3792	oberblasuitrnsed	2000	9.017
23	60	167	4008	hstgpernlaiaslch	1616	9.658
23	70	318	7632	bmpdauoestrchesa	1826	18.968
23	80	123	2952	obitilanpseryhts	1366	6.569
23	90	391	9384	soutmrtseaeilsnd	2307	26.106
23	100	332	7968	dildneaegrstreto	1676	21.071
23	110	587	14088	dlgneaiestrsreop	2571	40.425
23	120	495	11880	nseseiprdarosets	2256	33.898
23	130	509	12216	strceiaerdlpseso	2599	33.61
23	140	366	8784	eaittrtnsoesneri	1473	22.976
23	150	626	15024	ascetredenitdlas	2227	42.18
23	160	721	17304	dspaserihatectls	2235	44.127
23	170	644	15456	setsltraiaedsngs	2599	42.505
23	180	717	17208	plsreaiedrtnresa	2825	50.522
23	190	521	12504	seebdnmdeiaerstr	2184	33.018
23	200	501	12024	regspandlitesers	2951	31.874
23	210	341	8184	rtseserntaeiwtlp	1892	23.564
23	220	721	17304	plsdeaietrtnseos	2830	50.493
23	230	650	15600	shcsiterenaerstl	1903	42.863
23	240	870	20880	etednstriaesblpr	2399	57.062
23	250	1025	24600	spldeaiertnrsies	3136	77.522
23	260	567	13608	sehsdtrcsiaeents	2215	38.551
23	270	515	12360	btlstaepseridrts	2052	34.394
23	280	1305	31320	seesdrlpeiaestng	3209	95.167
23	290	927	22248	mpssaierrtnepesd	2512	65.776
24	10	23	575	peswnronaieovmse	748	1.126
24	20	65	1625	eeatsrtsboieratr	1168	4.322
24	30	171	4275	aiesprtlesaerips	1683	10.719
24	40	191	4775	hcadteresatslnim	2062	11.205
24	50	194	4850	reiasntsteaehcrd	2115	13.918
24	60	312	7800	desulintdarehets	2257	18.606
24	70	406	10150	sicsnetaroliuspd	1815	29.33
24	80	304	7600	retsarencpissera	1752	19.785
24	90	181	4525	stshaietblralesc	1747	10.971
24	100	500	12500	pdosarepetalsnis	2781	33.419
24	110	316	7900	lebsdariietensrs	1777	20.793
24	120	748	18700	msrdpareteitsdns	2129	45.49
24	130	404	10100	etlpsaistrnasegi	2264	24.043
24	140	456	11400	pashtretreindats	1616	28.546
24	150	933	23325	sleditamanersges	2585	64.795
24	160	571	14275	aiesdrtlseasrpen	2052	37.556
24	170	624	15600	sternarsietodspu	2445	40.935
24	180	743	18575	sapstreletidsnam	2797	50.037
24	190	1157	28925	gilsnatederasips	2537	78.347
24	200	805	20125	eserntrdiaeislps	2928	52.248
24	210	922	23050	uasedntreeiarspm	2834	60.154
24	220	1097	27425	sresetrdniaegslp	2968	74.512
24	230	839	20975	uosertnrseaenilg	1919	54.425
24	240	559	13975	iresntrdseaehcpl	2245	35.658
24	250	1058	26450	spldeiaenrtsgset	3148	73.812
24	260	508	12700	osdltneaiatrbles	2023	31.585
24	270	720	18000	pistgleginarstes	2292	43.52
24	280	1483	37075	snrsaietplthseas	2523	94.457
24	290	683	17075	dneseatlrtiasens	2331	46.802
25	10	24	624	tnglaiefltrremse	962	1.352
25	20	81	2106	hsripatedrcseuoe	1269	4.653
25	30	209	5434	desortngsaistelp	2285	13.337
25	40	154	4004	esshtaeonilresde	1441	9.073
25	50	177	4602	pseslariaetemnds	1670	11.807
25	60	338	8788	brnsaetistariles	1896	22.168
25	70	291	7566	sesirtndeaiespls	2973	21.282
25	80	231	6006	serslaceeothnsre	1785	14.086
25	90	237	6162	lastietedsrietab	1564	15.202
25	100	410	10660	resttinolarhsets	2200	25.4
25	110	369	9594	plrbeaittnsesers	2392	24.571
25	120	805	20930	soesrtnreaieslcd	2957	56.869
25	130	447	11622	samptilanertsges	2605	30.325
25	140	345	8970	lstriaestnresedi	2274	24.654
25	150	670	17420	mdsranepetilsras	3011	44.663
25	160	539	14014	tcelorassnetegid	2323	34.135
25	170	439	11414	hsidtrelreatsphc	2075	29.414
25	180	525	13650	secstarelintmese	2630	37.255
25	190	563	14638	oiehdrtsseairtnm	2236	37.202
25	200	574	14924	tnrseaiesmltreas	2267	40.594
25	210	561	14586	pentliresaesctnd	2110	36.384
25	220	718	18668	serslatoiepsdmre	2210	48.181
25	230	1286	33436	mpsdoaetcrtisens	2450	89.098
25	240	574	14924	rplsseaidtnrised	2637	37.829
25	250	1235	32110	stesantrreiadspl	3053	85.564
25	260	1021	26546	desletnisratples	2186	69.017
25	270	655	17030	saedrntsgeiastrc	2424	49.291
25	280	1006	26156	dengsitelarsbeto	2790	71.54
25	290	411	10686	rslbtaeaerinsdet	1961	27.842
26	10	23	621	ldnyiesentmlsoia	854	1.144
26	20	63	1701	hwsrteelntapsemy	1063	3.171
26	30	102	2754	aralsteseintlrag	1824	6.42
26	40	165	4455	blesiardnteiastr	1791	11.167
26	50	240	6480	heaostriaienldsr	1715	16.112
26	60	142	3834	ssntiteieradtseb	1621	10.073
26	70	281	7587	ecsdstaeoltrpres	1910	19.154
26	80	226	6102	maissntletelirad	1884	14.009
26	90	407	10989	snesiltsateasrid	2099	27.314
26	100	308	8316	tserontapritasel	1947	21.637
26	110	678	18306	oiesnrtnseaidtls	2595	49.232
26	120	503	13581	ranisetosirsdpae	1982	37.199
26	130	498	13446	tsitsplrreaeetsd	1936	34.022
26	140	613	16551	dnseetaporilsnes	2708	45.363
26	150	515	13905	prasotilsnedegsr	2583	33.671
26	160	837	22599	plseeatrrtiosens	2616	59.543
26	170	492	13284	sredelinspatores	2845	34.988
26	180	491	13257	desrriteerasspot	2429	38.35
26	190	893	24111	gishlateteridsno	2242	67.119
26	200	923	24921	gresdnaletipsres	3278	70.231
26	210	1098	29646	splseiaertnraseg	3357	9220.897
26	220	663	17901	stoscrineaedtsmr	2104	47.8
26	230	674	18198	tserenitgdalsrep	2800	46.249
26	240	912	24624	sepstarelintpesg	3044	65.58
26	250	296	7992	hoepntraaitsbquer	1328	15.595
26	260	765	20655	slesgnatorittsen	2380	53.42
26	270	1175	31725	delsranipetadsrc	2397	83.74
26	280	863	23301	sngsiraleteitsnd	2430	63.098
26	290	607	16389	cstolesdlarebits	1855	42.96
27	10	63	1764	serdtatenipegers	1892	4.125
27	20	51	1428	atgsseinirteatas	1270	3.501
27	30	188	5264	rplleiassntrteet	2431	13.784
27	40	120	3360	sloseinprtaialsh	1492	7.63
27	50	135	3780	ochsliarnertsdes	1714	8.681
27	60	326	9128	stngeiaenrlrtsed	2624	23.27
27	70	229	6412	insdateitramselp	2315	16.716
27	80	474	13272	eastgrisenelstam	2062	32.144
27	90	370	10360	sedlntaedirtleso	2171	24.333
27	100	455	12740	tcashretsetilans	1835	32.278
27	110	276	7728	aserntalaeipprsn	1881	21.161
27	120	435	12180	staiertndaesictr	1890	30.679
27	130	196	5488	setsntrooiaptsel	1902	14.073
27	140	641	17948	setartnsaiedmlsr	2761	47.278
27	150	345	9660	stamenilrdesostr	2331	24.091
27	160	773	21644	seigrtnssitadelc	2106	48.368
27	170	609	17052	sagstnerietedrsh	1904	43.409
27	180	797	22316	stilrnasietrdset	2204	59.138
27	190	559	15652	dntsiealsreptnos	2349	38.258
27	200	960	26880	stlstaepcirgdens	2235	69.116
27	210	1122	31416	dsripetnlaetidrs	2179	76.329
27	220	968	27104	seacntrtaiesslpd	2998	77.477
27	230	642	17976	uremstasesintred	2335	49.131
27	240	1041	29148	sredenicgtalsres	3114	72.734
27	250	792	22176	ntsesirpdeaorstt	2246	59.953
27	260	871	24388	sgspniaeetrcsred	2416	66.001
27	270	767	21476	saocltruaiesgnst	2191	55.062
27	280	704	19712	snisetaltrepadsr	3026	54.751
27	290	709	19852	inacstereatsgrou	1938	52.256
28	10	29	841	itsdanelemistrat	1555	2.123
28	20	81	2349	serolatdptieserl	1906	5.216
28	30	66	1914	dtsreroealipgdsm	1514	4.236
28	40	148	4292	sotehlrscaeisstn	1805	10.107
28	50	153	4437	lstoeanideremtsg	1674	11.054
28	60	297	8613	brgesaenltsiouth	1470	19.542
28	70	124	3596	ttsraieclrnabets	1824	9.435
28	80	282	8178	ghscnetrriaetslb	2071	19.048
28	90	290	8410	ltdrsaesertldnia	2052	21.765
28	100	446	12934	desprtiasalrtebe	1983	32.117
28	110	424	12296	brateltsseietrvd	2133	29.812
28	120	348	10092	dtspaeaegnrmseis	2085	25.462
28	130	279	8091	seporalsteintsde	2129	20.167
28	140	416	12064	tsrpieaehtlbcsur	1917	28.283
28	150	1224	35496	derssitelangpers	3200	101.84
28	160	371	10759	eseptrahetocdrsp	1805	27.34
28	170	396	11484	palssitentraiesp	2444	36.566
28	180	951	27579	sertpalsritesend	2787	78.294
28	190	643	18647	scrstaeeentldsia	2255	52.892
28	200	976	28304	destnitesarspecu	2628	84.725
28	210	729	21141	dnspeialsrteters	2691	61.005
28	220	626	18154	tslbieaisrnttoeh	2133	48.562
28	230	595	17255	sredglatenissder	2914	44.802
28	240	941	27289	getslanesirdmtes	2764	71.732
28	250	558	16182	cesdlatepirtsens	3010	43.96
28	260	435	12615	patssirotenedest	2175	35.879
28	270	891	25839	dlpseiatntregesd	2813	67.391
28	280	602	17458	stdhleteharsscob	2082	38.973
28	290	1449	42021	tslpeiaerntrsegs	3282	109.191
29	10	30	900	tlowsrtsiaetmdeh	1049	1.917
29	20	97	2910	aledrtsreiahagnw	1211	5.779
29	30	121	3630	dnclseattresoncl	1611	7.548
29	40	233	6990	latssiredepaests	2041	17.947
29	50	231	6930	dthbseacirenpmas	1444	14.038
29	60	450	13500	rigrsenastisalequ	1801	31.826
29	70	302	9060	gnederilstamtseh	2414	21.929
29	80	592	17760	dtisenalsrecotrd	2528	42.119
29	90	467	14010	lespparttinosegs	2495	31.747
29	100	354	10620	sanslitederatsmu	2596	25.965
29	110	277	8310	relogatssniederd	2200	18.761
29	120	389	11670	atesirtnseaidplb	2978	29.505
29	130	465	13950	hciletapsresonid	2454	35.37
29	140	502	15060	soednrtseiaesldr	2595	38.643
29	150	664	19920	splsaieatrntsdes	2655	50.163
29	160	802	24060	denttisoastrpred	1957	58.556
29	170	496	14880	snimetaetercdist	2090	37.641
29	180	556	16680	partlisanetedirs	2111	43.216
29	190	561	16830	tsedepinorattses	2632	45.458
29	200	668	20040	tselcriteatntseg	2139	48.705
29	210	833	24990	gaestntrseiardlp	2852	66.627
29	220	858	25740	dmnseiaestrtteso	2447	67.272
29	230	514	15420	rpldseaecrtsaout	2091	37.75
29	240	1137	34110	steperalrnicsets	2868	89.772
29	250	439	13170	rtlpteaeserdgnis	1979	32.399
29	260	559	16770	snedetilsrapotes	2931	45.746
29	270	595	17850	dirtpesarsteainr	1957	44.067
29	280	863	25890	gresantlteiasdrs	2481	64.773
29	290	778	23340	tsldeaeitrngaise	2233	57.738
