Param1	Param2	Boards Accepted	Boards Scored	Board	Score	Time
1	10	20	40	nocrnrquiyreoflt	118	0.34
1	20	82	164	segfrinttelunipo	826	0.494
1	30	255	510	pseahastcoteburs	1310	1.362
1	40	247	494	pesulprhiaeectsd	1783	1.804
1	50	100	200	jattpeiniretodsl	892	0.539
1	60	357	714	eressnimotarrpes	2105	3.001
1	70	443	886	sreoeirlntaposeh	1757	3.033
1	80	320	640	celtpataserietns	1596	2.386
1	90	312	624	osiocrtnsaesmpdr	1840	2.43
1	100	381	762	lscnaotaniredest	2191	2.964
1	110	420	840	dnsberepetasslts	1842	3.613
1	120	403	806	tsgbrelaeailtspo	1712	3.141
1	130	689	1378	dpassertlitepans	3168	6.238
1	140	779	1558	blpdiaessntreted	2603	6.5
1	150	845	1690	sreselaptnirised	2656	7.698
1	160	1297	2594	setsntrneiaedlps	2987	12.121
1	170	706	1412	pesamanrlitesest	2399	6.528
1	180	582	1164	lepssarotetuishc	2026	5.032
1	190	538	1076	trhwgsetnetarils	1911	4.103
1	200	956	1912	tretsetsnilagare	2144	7.337
1	210	1134	2268	lpshoaettrndseis	2510	10.064
1	220	1525	3050	osrdtregetalsnib	2642	14.474
1	230	908	1816	seaurtnraiesslth	2331	7.645
1	240	566	1132	sapetlesiertdsna	2041	4.431
1	250	811	1622	satsrtleeiarsnts	2471	7.425
1	260	818	1636	slngeiaeprtsoseh	2741	8.593
1	270	1304	2608	sorenitsdeaisrlp	2489	11.006
1	280	450	900	aevrsnreteisrala	1578	3.659
1	290	1619	3238	aiestnrtseaodplb	2544	13.783
2	10	21	63	ahttshtdveaesnrb	548	0.132
2	20	191	573	vsseeitrdreotaps	1745	1.849
2	30	198	594	setcgrisatensehr	1462	1.878
2	40	258	774	wdpcseastretonir	1904	2.908
2	50	169	507	edtbtsouarnsedes	1219	1.368
2	60	162	486	gisanateserrdecu	1757	1.959
2	70	112	336	hcoetsrteiayydhw	671	0.789
2	80	313	939	erntsiesotaeerpl	1776	3.533
2	90	436	1308	ersptseaaetldris	1964	5.927
2	100	474	1422	relgpanesitstera	2545	6.294
2	110	730	2190	lerasitsgnalereb	2274	9.089
2	120	256	768	gespniraatecchsd	1924	2.936
2	130	423	1269	arespitanetresre	1626	4.862
2	140	733	2199	dnspetalsrierend	2599	9.163
2	150	1352	4056	segsrtnreiaeslps	3197	16.933
2	160	455	1365	stedsnrseiaoplch	2100	5.17
2	170	548	1644	tinclerosatstsed	1928	6.394
2	180	323	969	lpchaesartngsiae	1826	4.14
2	190	755	2265	tesenrtseiaecmlp	2221	9.015
2	200	528	1584	esoitnrcaieaslts	2230	6.781
2	210	610	1830	decsratutirosens	2434	7.723
2	220	639	1917	oisddlaeeetrrsni	2075	7.972
2	230	1682	5046	desatirtsaeompls	2459	23.543
2	240	927	2781	mprdiaeslnteesir	2360	11.867
2	250	432	1296	psedtanelirtdesa	2520	5.948
2	260	1244	3732	dresenalstiprese	2861	16.8
2	270	538	1614	dnepetisartapser	2129	7.196
2	280	1264	3792	etifsraleiesdntr	2358	17.532
2	290	644	1932	sedslinepartsets	3155	9.472
3	10	71	284	seinnergpitevsar	1174	0.764
3	20	96	384	twogsoeheslcrtah	692	0.639
3	30	101	404	teesndrteiselaph	1422	1.258
3	40	140	560	netetirssaniptse	1441	1.617
3	50	127	508	plstaierrtneeats	2547	1.972
3	60	167	668	snadoietltrssatn	1687	2.045
3	70	333	1332	stestendlaremsct	1947	4.918
3	80	292	1168	toessrpseiaedlnt	2269	4.703
3	90	598	2392	dnereitssraltsep	2757	9.883
3	100	486	1944	couehsrtteeslamr	1580	7.477
3	110	313	1252	snoreitesrastpet	2080	4.778
3	120	487	1948	osidprteoaesblin	2084	7.825
3	130	474	1896	cesnartapsinalec	1667	6.761
3	140	382	1528	stideaencrsuiter	1840	5.827
3	150	425	1700	teiasrtnpaesldtr	2092	6.673
3	160	683	2732	stecnrateiessdlr	2164	11.522
3	170	916	3664	rsicenaliteparsd	2759	16.514
3	180	420	1680	csinateaortrapes	1582	7.125
3	190	886	3544	mscdiatelnrsdeeg	2167	14.49
3	200	533	2132	resacittlanepers	2772	9.831
3	210	897	3588	snrsteithtarcsep	2015	14.504
3	220	653	2612	psttlaneeirdstes	2475	10.442
3	230	965	3860	sedrtinelartceso	2679	16.952
3	240	516	2064	rslpeiaegntrsdes	3135	9.091
3	250	794	3176	splcdeatmrtssier	2273	13.946
3	260	1226	4904	psteeairrdnesets	2349	20.829
3	270	792	3168	rlpeesarsteitend	2083	14.064
3	280	533	2132	sapsterolintdesa	2451	9.192
3	290	1149	4596	stndeaielprsseot	2950	20.773
4	10	37	185	llshoeitwrdnlsun	709	0.352
4	20	70	350	ertdtseoinepvldi	957	0.864
4	30	143	715	steseritonalsges	2651	2.628
4	40	181	905	odestnitearesrfr	1546	3.442
4	50	123	615	aisertnteeuorsdm	1510	1.869
4	60	206	1030	rtsrseaentcroiea	1655	4.09
4	70	252	1260	opstdeatnregusrd	1631	3.875
4	80	225	1125	rtsleraeaditensh	1741	4.097
4	90	376	1880	tslcaeiairtnates	2021	8.051
4	100	481	2405	sredetalnitsdere	2391	9.575
4	110	218	1090	asrdceeirtsngaio	1797	4.255
4	120	561	2805	hsipetanaretsdis	2291	13.143
4	130	481	2405	saidtlercestrani	1683	8.298
4	140	400	2000	anirstesoetdprae	1825	7.456
4	150	872	4360	retseparslenatis	2090	18.692
4	160	477	2385	sgesntnraitepres	2131	9.101
4	170	438	2190	dseitertarentsid	1616	8.665
4	180	615	3075	cridatentsagsers	2224	11.923
4	190	989	4945	dtrssenaretipals	2644	21.134
4	200	305	1525	blsdeaierntrtesa	2626	6.711
4	210	387	1935	otesspiralenetsg	2061	6.995
4	220	492	2460	relssitatnatgres	2498	9.778
4	230	946	4730	tsmlreiaentrdsae	2534	20.709
4	240	1175	5875	desitintlarecesr	2689	22.952
4	250	368	1840	desuntrpeiasslqut	2128	6.104
4	260	509	2545	inedtaisesrtdrep	1989	10.011
4	270	882	4410	renspitelaretesd	2608	19.73
4	280	578	2890	shsutecolartpese	2007	11.107
4	290	1030	5150	dschetaotrilosed	2264	18.552
5	10	34	204	wetfstalenibedse	961	0.565
5	20	62	372	budeirerastsepat	1003	1.086
5	30	114	684	esnhrtaiheltrosa	1332	1.909
5	40	154	924	slespirotantsesa	1836	3.199
5	50	243	1458	anittresseahplct	1920	5.265
5	60	288	1728	seuotsrtoaesblpr	2065	5.635
5	70	211	1266	cersdnueeostrtae	1392	3.689
5	80	355	2130	stesnrlreaeopstd	2149	7.922
5	90	243	1458	epissalttreaesin	1811	5.421
5	100	598	3588	reshdtipenalsreg	2737	13.716
5	110	563	3378	opessridatenplsr	2468	14.304
5	120	336	2016	esadsrebetalhcsp	2287	8.353
5	130	341	2046	versminelatcsers	2606	8.078
5	140	711	4266	degosinstareledt	2278	15.536
5	150	657	3942	esetdrtnaeiaspls	2906	17.464
5	160	556	3336	srtsteaenilpasto	2131	12.309
5	170	597	3582	pgesorapstitrens	2189	13.262
5	180	590	3540	diotelspetaerstr	2003	13.658
5	190	634	3804	destgnrlaiealtsp	2303	16.139
5	200	830	4980	stnoretilasecopr	2115	18.126
5	210	1032	6192	seesntrdaiaelpst	2780	27.657
5	220	586	3516	sisdmtneaetalrsi	1932	12.744
5	230	1606	9636	sntseaieplrdseas	3034	40.046
5	240	995	5970	poisslntteaehcrs	2284	25.039
5	250	760	4560	detssalrteiarsnm	2150	19.302
5	260	877	5262	prstieerdntaesil	2138	22.311
5	270	697	4182	asettrndeaiespls	2947	31.22
5	280	680	4080	snisetatrleropsg	2156	15.543
5	290	1058	6348	setocrnseaiepstd	2740	29.046
6	10	40	280	onhcoseretipbarn	726	0.774
6	20	64	448	sdtfretoealrtsep	1455	1.559
6	30	132	924	trcfeaeslstrpuop	1738	3.338
6	40	168	1176	idesoratitepansa	1785	4.838
6	50	149	1043	sttpaiealnrsseto	2385	4.668
6	60	251	1757	onidstelerasrmet	2106	7.907
6	70	170	1190	tnlpeiossrthtaes	1780	5.512
6	80	323	2261	rdesernttiaghslp	2439	10.109
6	90	567	3969	tephrlassritedes	2184	16.039
6	100	226	1582	taremtlasesirent	1624	5.696
6	110	466	3262	dinssetacrelials	1837	12.62
6	120	435	3045	siesntlrseaphcts	2133	12.052
6	130	216	1512	siehnrtsoeausdbl	2113	5.357
6	140	558	3906	seosetrnniaeclps	2233	14.807
6	150	907	6349	dpeseraltnitsres	2814	26.008
6	160	985	6895	onsdrteaaerplsso	1953	28.218
6	170	407	2849	entssiaeetrprsos	2411	11.086
6	180	648	4536	nsepetaltrigosen	2690	19.157
6	190	766	5362	ersdicelhtapsers	2357	18.143
6	200	615	4305	hsrdteneritocaps	2184	15.226
6	210	669	4683	selstarictenahsd	2029	16.754
6	220	954	6678	slaspetrriesatnd	2347	26.399
6	230	754	5278	gnrdeaiesltspero	2716	19.84
6	240	894	6258	giesndrtiaeitspr	2297	24.058
6	250	522	3654	sidrteserintaota	1763	13.567
6	260	692	4844	csedarinelaedtsp	2478	18.164
6	270	1367	9569	asrasnedetildras	2583	34.641
6	280	836	5852	tsedenimoralstes	2771	24.8
6	290	1032	7224	tergsanelitsdera	3010	29.447
7	10	62	496	quorpretissannreg	1383	1.25
7	20	90	720	grfsaerbdnaenits	1359	1.917
7	30	137	1096	mesrritecanahste	1788	3.673
7	40	151	1208	stsrraehpelthsao	1505	3.492
7	50	184	1472	giaenrtcetaerssp	1722	4.539
7	60	314	2512	tercnspoeisadtre	1854	8.046
7	70	234	1872	adnspietseranols	1807	5.826
7	80	367	2936	chessatrlerespid	2113	9.798
7	90	373	2984	stesenapgriltsed	2930	11.054
7	100	361	2888	senstardliteesns	2459	9.651
7	110	283	2264	pllseaierntrtesp	2456	8.329
7	120	484	3872	reissrtnetaeilsm	2284	15.273
7	130	297	2376	oratltspaeiemsrt	1656	8.898
7	140	574	4592	etestnrdsaiechps	2417	15.494
7	150	592	4736	snedatimesalsrep	2686	19.295
7	160	424	3392	apemilastretestd	1936	12.24
7	170	498	3984	stldeaiernrssete	2692	15.998
7	180	971	7768	sresetipgnalsres	3322	29.897
7	190	691	5528	presalidstenetsr	2123	19.474
7	200	318	2544	tingetreseasdplt	2225	9.029
7	210	807	6456	sarttnesetilsram	2779	24.067
7	220	496	3968	sngriaesltrdseaw	2653	14.498
7	230	469	3752	estaquneraitsrela	1637	10.603
7	240	1072	8576	heosstrneaiedlts	2676	33.583
7	250	702	5616	teiostrniaesclbd	2554	20.423
7	260	745	5960	sledeaistrtnosed	2619	22.5
7	270	738	5904	gntseaietsrdsopu	2394	20.06
7	280	1489	11912	orassnepetildrac	3021	47.918
7	290	824	6592	otessrtlieacdmph	2151	25.022
8	10	57	513	seeitdrwiraehest	1181	1.402
8	20	103	927	toseltrseeagsble	1323	2.519
8	30	160	1440	earemnteaishlset	1514	4.587
8	40	143	1287	wasaritepenssago	1716	3.775
8	50	375	3375	lnsoeitlsraeotrs	2006	10.925
8	60	290	2610	dplseoiasrnttaes	2392	9.49
8	70	290	2610	gdtseenasruttoes	1283	7.109
8	80	228	2052	snabetiltesedird	1888	5.784
8	90	222	1998	hesitsrteiaedlms	2106	6.75
8	100	745	6705	hsaletedaronspis	2062	23.485
8	110	352	3168	nglssiaedtrpreso	2551	10.593
8	120	512	4608	ergepanslitesert	2522	16.758
8	130	340	3060	taespsrnsiteders	1870	10.548
8	140	427	3843	eaetmdnsseiortrp	1822	12.845
8	150	734	6606	mstrpaeolirndest	2500	23.322
8	160	333	2997	tiesnrtngeaidslp	2825	10.76
8	170	467	4203	osndrteiaercdpsa	2127	14.496
8	180	621	5589	dntssearrlemaisd	1886	17.247
8	190	719	6471	lmslaeiartngsies	2439	23.074
8	200	227	2043	deatgnreiesrqulat	1081	4.997
8	210	533	4797	esilrnetotsrhsae	1509	15.333
8	220	476	4284	stedernesiasquhpt	1817	12.43
8	230	429	3861	redgtsnioatebrrs	2037	11.795
8	240	974	8766	cinslatepertdisg	2998	34.297
8	250	554	4986	visenetssaruleco	1980	17.636
8	260	872	7848	srometiptlassret	2434	26.205
8	270	624	5616	seegrtndeaieblsr	2876	22.585
8	280	493	4437	relbstasoretpnih	2137	14.888
8	290	689	6201	matslirepenadsts	2686	24.041
9	10	44	440	esarrtecoiahclnr	1045	0.975
9	20	87	870	plsogaetretdesni	1496	2.178
9	30	142	1420	istberelhtarwsed	1512	4.448
9	40	142	1420	tercasearntluoso	1193	3.52
9	50	144	1440	pacsreneesiddlaw	1420	3.86
9	60	249	2490	drsanerttalecsps	2122	7.619
9	70	144	1440	einoltesasirenug	1206	3.844
9	80	398	3980	speslarttinsster	2483	11.751
9	90	323	3230	sapsniredetersal	2256	11.866
9	100	351	3510	gnrtseisntleiapd	1902	10.299
9	110	624	6240	strpeeiarntssoah	2173	21.795
9	120	754	7540	serslinepattresa	2768	26.316
9	130	626	6260	rsrdetaenilpgaso	2968	21.533
9	140	805	8050	delsraticgnesers	2388	24.944
9	150	626	6260	sdetgrisenalstep	3072	22.168
9	160	298	2980	glitsnaseteptrid	2268	10.065
9	170	473	4730	soteplrseaietsnd	2523	16.374
9	180	678	6780	rapetilsnetagsre	2535	24.572
9	190	854	8540	snaiietlrtsesapr	2058	29.898
9	200	366	3660	rstdeaiegnlrsise	2451	12.104
9	210	509	5090	rtsgeiaesnlrgios	2393	15.441
9	220	865	8650	gstcntaoeirpsres	2494	32.047
9	230	799	7990	dsrgetaeenilsros	2514	26.709
9	240	1261	12610	tsldeaiegrtnrees	2615	44.599
9	250	476	4760	tesudnrteiaestls	2768	16.533
9	260	994	9940	hstsoaieplnrrest	2374	30.914
9	270	681	6810	serscinelattpers	3055	25.454
9	280	426	4260	quanelitspretosad	2075	10.661
9	290	1294	12940	dleretapsrisoned	2707	45.645
10	10	13	143	tlapaeogrnsotitn	756	0.348
10	20	69	759	opsdforelatsdint	1210	1.757
10	30	83	913	sgedanielatrcspa	1539	2.353
10	40	179	1969	todesnreeiaprtsl	1979	5.831
10	50	125	1375	oaegbrdlsieakstr	1383	3.862
10	60	152	1672	toiqusrnseateptlr	1761	4.235
10	70	172	1892	dneraitsleaodsrc	1713	5.719
10	80	330	3630	tevosaleptrssiet	1777	10.19
10	90	281	3091	gdeterasrtinsedg	2334	9.015
10	100	163	1793	lailpsnmoteadetr	1301	4.862
10	110	371	4081	agessnrpeiaelstb	2234	12.116
10	120	618	6798	nedsteresalgmina	2307	22.155
10	130	552	6072	spesoralrtceseht	2117	18.003
10	140	482	5302	tlptseasnretodir	2102	18.085
10	150	289	3179	shtsreltetaidrsp	1750	8.881
10	160	423	4653	terdsinepatsrela	2426	17.346
10	170	415	4565	heatstrseaielmgn	2426	15.173
10	180	498	5478	plideaensrtstero	2418	19.443
10	190	342	3762	latsseeintrdiaso	1951	12.461
10	200	754	8294	slgrreaeetnmtsio	2309	28.021
10	210	276	3036	tsaquorigatenstse	1585	7.202
10	220	866	9526	atsdtrepetilsnas	2910	33.008
10	230	324	3564	tslreaetdrbssoul	1842	9.631
10	240	1037	11407	taessrtreiougnsc	2347	36.249
10	250	528	5808	eralesistnetiarr	1783	19.86
10	260	688	7568	osedrntreiaeltsl	2459	26.702
10	270	558	6138	sersnitagalperes	2717	20.322
10	280	903	9933	esiagntrraseceld	2201	29.861
10	290	476	5236	rsstieendrtiesal	1792	17.178
11	10	37	444	kntsteiasrldetow	1257	1.004
11	20	57	684	osehwratselsteni	1252	1.687
11	30	66	792	esufterepaltmlpi	893	1.671
11	40	154	1848	aenbrtaiertcdser	1654	5.293
11	50	297	3564	plceoaestrntseia	2116	11.033
11	60	291	3492	pdnsaietltrpseas	2535	11.445
11	70	243	2916	pldtaiesstnrreio	2441	9.498
11	80	319	3828	trocetamsnirides	2222	11.731
11	90	118	1416	teldaseisrtrenos	1592	4.248
11	100	400	4800	seporalstiteesrt	2153	15.495
11	110	337	4044	sceteradrtepnisr	1897	13.095
11	120	196	2352	sderrtnseaieslrb	2322	7.272
11	130	258	3096	dacspelosarpntes	2089	9.256
11	140	494	5928	tscoearhdretiesl	1963	18.691
11	150	557	6684	silsnateteriseds	2653	22.89
11	160	300	3600	thoserctreaestnm	1591	10.633
11	170	244	2928	suoecrtseaisstne	2039	9.682
11	180	511	6132	anertitslerasapo	2010	20.405
11	190	392	4704	dstcneahairelstr	1985	14.571
11	200	455	5460	mdrsaietltnaseru	2366	17.763
11	210	812	9744	rntseiaesprttous	2404	32.531
11	220	586	7032	etrssaiepltndeas	2930	25.2
11	230	1273	15276	lpsdrateetirsnos	2485	50.6
11	240	665	7980	ptsdareicerthaso	2023	26.547
11	250	492	5904	dtslieaesnrtgois	2435	18.671
11	260	791	9492	sesapartlitedens	2862	32.909
11	270	1235	14820	setsprineaedltsr	2683	49.283
11	280	1261	15132	gntsreitslartpes	2376	47.094
11	290	636	7632	meteparsslenetid	2351	24.407
12	10	30	390	nesirtrpnaeylsth	1212	0.875
12	20	103	1339	rdeperasstetpvti	1411	3.429
12	30	125	1625	nisrsteterahdnec	1855	4.327
12	40	93	1209	tspmoralenetdste	1685	3.404
12	50	143	1859	stneeaidrlpeetos	1760	5.002
12	60	284	3692	rsleetarinesodim	1947	11.099
12	70	152	1976	lerostnstaigerma	1702	5.337
12	80	304	3952	srdbteelhtamscsh	1839	9.638
12	90	420	5460	stedeatlrniegtsr	2354	15.569
12	100	255	3315	drpeeoasstrcretu	1616	10.168
12	110	134	1742	lvtseaentrgaderb	1524	4.582
12	120	302	3926	eteslstriaeotrpd	2135	12.37
12	130	380	4940	aiopnsldteeasrts	1933	15.777
12	140	627	8151	stestarpnipodest	2492	25.01
12	150	616	8008	dersiateltnresio	1955	24.133
12	160	261	3393	trequesidotenpral	1729	8.471
12	170	647	8411	ostdpaeilerntsga	2455	24.767
12	180	945	12285	malpniresetartsc	2320	40.781
12	190	747	9711	spitelandretaisd	2372	28.308
12	200	821	10673	sedttnrsaieabldc	2575	32.701
12	210	928	12064	tsedetnrraiespls	2972	37.356
12	220	270	3510	stseeaiqucrntdets	1687	7.468
12	230	1069	13897	dlrpeiaesntstero	2790	47.32
12	240	720	9360	clpseasertirsned	2440	29.451
12	250	809	10517	csmshatitereesrd	1914	31.44
12	260	1357	17641	dstorenrpaieslts	2833	57.103
12	270	1082	14066	eserstrdtaeiblps	2439	48.015
12	280	826	10738	drlseiaestngreis	2678	33.787
12	290	523	6799	dlpweiassrteoted	2567	21.436
13	10	42	588	ousrtratsrelvetd	959	1.464
13	20	91	1274	serdstieealmrspa	1850	3.776
13	30	57	798	nosfsileseradots	1509	2.302
13	40	187	2618	carsseteltndoise	1643	6.687
13	50	176	2464	heonstrslaieencv	1841	6.271
13	60	192	2688	ipatsrestesdnori	1759	7.832
13	70	312	4368	alsestiteranideg	2322	13.09
13	80	465	6510	uesadntreaiecrps	2518	20.186
13	90	243	3402	dasecertitaitsnl	1862	9.913
13	100	288	4032	etseunaleritsdes	2540	11.591
13	110	394	5516	gntseaieslrsiped	2568	16.058
13	120	324	4536	shrtcaestlpdsiai	1891	12.24
13	130	521	7294	ensrgaieertsstou	2318	21.737
13	140	422	5908	isplteaierntsres	2543	20.05
13	150	390	5460	sroletipranssted	1973	14.2
13	160	379	5306	otebsnaresiertsd	1951	15.872
13	170	520	7280	mplssaerrtinrest	2179	22.416
13	180	497	6958	asedpltneaiertsr	3051	22.871
13	190	352	4928	sanotirgetersnas	1832	14.362
13	200	558	7812	splseiaertnrsetg	3175	25.102
13	210	523	7322	geesrntrsaieelmd	2658	23.614
13	220	519	7266	tsegdrlnoeaihstm	2318	20.53
13	230	803	11242	druoetocsrpscaeh	1743	31.986
13	240	1241	17374	itsmerapsnelotis	2487	54.426
13	250	1657	23198	otegsrnreiaeltts	2539	71.414
13	260	1507	21098	asedtrnteiasdlpe	2932	68.423
13	270	689	9646	steslerdpacemsth	2480	28.067
13	280	790	11060	tsederalitepansr	2525	36.741
13	290	812	11368	dsngperilatebcst	2709	33.773
14	10	44	660	eberdaretesthsho	1140	1.358
14	20	109	1635	mshtlecotarudesa	1841	3.94
14	30	151	2265	lesrpatosineters	2164	6.43
14	40	165	2475	tnsoetapirelnest	1881	7.086
14	50	310	4650	vensditeslaropes	2457	13.873
14	60	273	4095	reshlanepitasers	2521	12.999
14	70	199	2985	osescrtheaecslid	2005	8.375
14	80	349	5235	atsrhtepesalirob	2028	15.552
14	90	254	3810	sledapinsteaters	1983	11.327
14	100	196	2940	srsnetiecnlmoiap	1602	7.171
14	110	408	6120	sltspaieierndstg	2584	18.388
14	120	491	7365	setaprnseaiestld	3086	24.262
14	130	347	5205	sednrlieesardtbd	1749	12.835
14	140	577	8655	dstdeaiegnrssoet	2473	25.797
14	150	585	8775	iercltessandpile	1803	23.853
14	160	531	7965	bisdltneeatrbrsu	2179	21.372
14	170	378	5670	ocsrarenematopse	1557	15.688
14	180	627	9405	gresinalsteiterd	2286	26.628
14	190	793	11895	gsrdnieaetlbrsal	2393	34.588
14	200	869	13035	sleditaranepsris	2307	41.586
14	210	609	9135	srosetapnierders	2224	26.346
14	220	850	12750	bpmslarisetehtsr	2299	36.512
14	230	627	9405	srasetilsneporas	2790	30.62
14	240	499	7485	sroseitlntaegsrd	2299	20.116
14	250	623	9345	stimenassrectert	2059	30.316
14	260	1072	16080	dgnsserilatepins	2934	45.285
14	270	935	14025	desmlrtiiaenctsa	2084	39.33
14	280	798	11970	dntseiaesrpltuos	2967	35.182
14	290	873	13095	salgpeniriesatsr	2241	39.715
15	10	23	368	assaheterinoboie	661	0.696
15	20	110	1760	tedssilenoraredi	1554	4.072
15	30	195	3120	dtaeeltspeissrng	1929	8.181
15	40	101	1616	nspriatorenitsde	1691	4.45
15	50	227	3632	smrteaisrntlseat	2041	9.694
15	60	248	3968	pdntuseaentrrais	1481	9.558
15	70	209	3344	rsamelprdaesrnte	1779	8.392
15	80	156	2496	atearsirentsdtae	1604	6.93
15	90	303	4848	aetsdraeeildtsne	2016	13.473
15	100	450	7200	wstheanetirdstes	2066	20.025
15	110	377	6032	sidsrorepetaaslb	1775	15.638
15	120	231	3696	miossplneaietrts	2174	10.814
15	130	626	10016	porslatesenierds	2298	28.45
15	140	322	5152	dcsreiaenrtnstos	2243	14.512
15	150	485	7760	vecsdariletesors	2020	22.547
15	160	361	5776	alrslgaeeintrssi	2116	15.199
15	170	647	10352	hidtcetesarslepo	2276	29.763
15	180	1023	16368	bdstlaeietrnsros	2140	43.11
15	190	812	12992	staserinoletspas	2537	39.595
15	200	447	7152	debaralssetidtna	2197	20.205
15	210	619	9904	tnsreietdraeetsl	2027	29.924
15	220	1041	16656	rplcseaidrtngees	3112	49.413
15	230	718	11488	tedssaripilenots	2302	31.877
15	240	706	11296	deasblrtaoiesgns	2492	29.037
15	250	542	8672	snapetirarectsed	2266	28.56
15	260	862	13792	rsegetrnsaietpld	2846	42.765
15	270	597	9552	sltdlaestiresnth	1805	25.754
15	280	752	12032	gsegnerlritadeps	2254	34.549
15	290	606	9696	depamilsnateserd	2473	28.296
16	10	18	306	niaserdrseeoctns	1250	0.721
16	20	89	1513	intsteeersldcoup	1138	3.285
16	30	86	1462	rudtpetasartties	1682	3.726
16	40	171	2907	tnidetepsrasbeth	1937	8.22
16	50	120	2040	rarmseiectnsoasn	1375	5.108
16	60	206	3502	esigrlndeaeshtsr	1816	8.694
16	70	371	6307	sngeeirsmatesent	1958	16.901
16	80	255	4335	poserinttesapart	1767	12.142
16	90	280	4760	dhcreaesntrtsiae	1923	13.423
16	100	413	7021	smisetarretedins	2175	19.982
16	110	396	6732	stpseiaednrceets	2674	18.368
16	120	347	5899	dtsmseaiprtnaces	2427	17.839
16	130	533	9061	eastgniraleabstp	1785	23.912
16	140	262	4454	cspeaitelnrasegs	2182	11.928
16	150	426	7242	rtedertssiaentlp	2300	20.272
16	160	502	8534	batnltesserecadi	1788	23.292
16	170	520	8840	skesircdetaerspr	1893	22.955
16	180	679	11543	dresenitstasarep	2590	35.327
16	190	492	8364	setsrtneeialdslb	2407	24.631
16	200	1022	17374	sgesenrtteiadspl	2827	50.299
16	210	452	7684	sersnrteoialspcs	2383	20.169
16	220	714	12138	rsotelrcitaegnsp	2438	31.486
16	230	882	14994	otessnrmeiaedlts	2815	42.518
16	240	896	15232	desalintpatesers	3045	49.65
16	250	1105	18785	elpssaientrndets	2987	53.815
16	260	923	15691	senstitalarepegs	2617	47.97
16	270	656	11152	rtsdeaielrtnstes	2492	33.537
16	280	1281	21777	psestratenilsdes	2657	64.241
16	290	1422	24174	stesrlpreaiesnts	2967	69.125
17	10	43	774	orhtiotcnsesegrh	789	1.337
17	20	60	1080	msnaorefeparetsy	911	2.32
17	30	109	1962	shreutesostaarer	1184	4.464
17	40	164	2952	horesntseiaidrmb	1741	6.823
17	50	142	2556	lotsbaneresicodt	1653	5.68
17	60	436	7848	dtsleiaesrngates	2651	22.921
17	70	456	8208	strveaierlnscetg	2421	22.337
17	80	195	3510	dirscetehtahslrc	1547	8.061
17	90	266	4788	gntaaeisslrmetae	2099	13.15
17	100	508	9144	trscetalsnirides	2363	26.586
17	110	417	7506	rsnapetidarevecs	2268	20.862
17	120	246	4428	erndbaesmltrlise	1753	10.595
17	130	443	7974	sstnpeaiirlpstes	2270	23.553
17	140	379	6822	arlepitadenssrei	2054	18.595
17	150	569	10242	spldtaeidersrsto	2168	28.179
17	160	970	17460	disapertlatebisr	2468	49.352
17	170	717	12906	sltseaieprtnosed	2935	37.996
17	180	661	11898	seottnrseaiedlst	2701	34.986
17	190	616	11088	enapstisalerbpad	2414	32.142
17	200	373	6714	shesitcrtnaleseb	1907	15.994
17	210	931	16758	slpsiaeitnrdsego	2938	48.738
17	220	780	14040	redspinesotaders	2495	41.352
17	230	508	9144	stesgrilenadster	2895	26.088
17	240	1044	18792	sapstilenertdesa	2810	57.577
17	250	724	13032	stldeaieprnsseti	3065	40.206
17	260	1193	21474	setsntrneiaedlps	2987	63.581
17	270	996	17928	stelnrldeiaestps	2777	48.761
17	280	855	15390	pestlatecinrresa	2653	44.335
17	290	493	8874	sprseaierltdboas	2317	24.845
18	10	24	456	lvanwledbatrrsne	747	0.796
18	20	123	2337	vnsyorepetalrstc	1853	5.539
18	30	89	1691	talirstnseeallim	1244	3.851
18	40	158	3002	esertlpneairrste	1843	7.657
18	50	97	1843	vorshetetsimunep	1096	3.795
18	60	145	2755	stnseaierlrsocet	2057	7.058
18	70	353	6707	iaedtngloeiasrts	2139	17.704
18	80	432	8208	seostnrteaiedlcd	2717	22.538
18	90	346	6574	unmssaieetrdsres	2256	17.9
18	100	361	6859	rtsraiedlentbsta	1947	18.045
18	110	533	10127	tsiaentlgeaedgrs	2420	27.893
18	120	336	6384	saescrtaeniltser	1986	16.959
18	130	351	6669	sinslatecerchdso	2387	17.688
18	140	371	7049	eniastrcsaterels	1929	19.265
18	150	503	9557	latdbleserinstag	2406	23.269
18	160	786	14934	snesotrdroaecspl	2014	38.589
18	170	504	9576	esoitrldaieagnts	2335	26.211
18	180	427	8113	destvlrneiaengts	2123	20.434
18	190	582	11058	sedttinelargspes	2772	31.218
18	200	597	11343	stlseaietrdnsegs	2718	30.284
18	210	1386	26334	dlseeainprtasers	2524	76.884
18	220	499	9481	derslanepitgsras	2712	26.197
18	230	629	11951	derslitenastgero	2834	34.774
18	240	720	13680	seisrntlesaedprg	2418	38.991
18	250	547	10393	letssariotedhrse	1865	27.797
18	260	532	10108	rslpeiaentrtdesa	2725	30.716
18	270	1562	29678	gresenalstipores	3331	88.487
18	280	1739	33041	srepetalenissder	3043	87.915
18	290	587	11153	tresolanspiteres	2867	32.333
19	10	32	640	rethtisarsmoaeva	905	1.263
19	20	238	4760	rdgsserilatecins	2366	11.13
19	30	175	3500	etsdrutesopesers	1424	8.028
19	40	101	2020	dlsmeaohvnrtiese	1404	4.304
19	50	214	4280	stlpaeiornsmethe	1541	9.972
19	60	254	5080	dthsietcnsratepo	1667	11.391
19	70	267	5340	isedlatrpeiosrnd	1961	13.335
19	80	284	5680	esedtniriastlpre	2353	16.239
19	90	309	6180	dsranetritesflab	1879	16.445
19	100	361	7220	fioutlpcseasdret	2093	17.55
19	110	410	8200	mripeandltseders	2016	18.687
19	120	417	8340	geranrtsaieatslf	2013	23.706
19	130	854	17080	serstinelartpeso	3082	46.563
19	140	578	11560	splseaiecrtndesa	2911	31.635
19	150	642	12840	sresttaleripsdes	2652	36.402
19	160	656	13120	rsdaterinatesils	2689	37.142
19	170	292	5840	hslseateperisods	2104	15.64
19	180	456	9120	spedalirrtensesg	2410	23.278
19	190	1092	21840	dlpdeaiestrntees	2755	60.975
19	200	508	10160	esnilitedarsreto	2340	28.684
19	210	930	18600	dntseiaesrlpates	3116	53.72
19	220	1193	23860	sterartslieafsng	2237	66.319
19	230	458	9160	dtisserdlanepits	3093	26.398
19	240	821	16420	perdlagetinssert	3015	42.729
19	250	999	19980	sersdrteeainplsg	2968	54.145
19	260	1023	20460	seropatslietansr	2254	57.41
19	270	576	11520	sinscaterelrtspa	2369	31.39
19	280	1111	22220	lspdiaeintrcseas	2669	65.543
19	290	537	10740	soairntseierstad	2204	30.248
20	10	34	714	raeseltnasiodprf	1395	1.777
20	20	121	2541	tsthealorerosthc	1501	5.434
20	30	88	1848	utasenetarisplem	1698	4.924
20	40	232	4872	eotssnreaeiartsp	2080	13.183
20	50	314	6594	csrpilepatassret	1995	18.791
20	60	90	1890	ntmieidsselotars	1235	4.035
20	70	267	5607	crdtolessarhtect	1550	13.758
20	80	468	9828	plsneaiestrdreea	2435	24.465
20	90	395	8295	gndlteiesarslept	2444	20.4
20	100	581	12201	sredetamtnilgsed	2637	32.275
20	110	330	6930	mnsroieatcltsaos	1672	16.01
20	120	530	11130	gresenacstilores	2959	30.019
20	130	318	6678	tlshetaneripnses	1947	17.404
20	140	960	20160	schdateserapsnil	2697	54.244
20	150	558	11718	sndrgiaeertssten	2355	31.399
20	160	696	14616	scudtreseatnslia	2252	38.308
20	170	627	13167	sblpreasettnhsig	2077	37.04
20	180	640	13440	nedstiresalcwpes	2324	32.394
20	190	480	10080	destritetanrlsed	2542	27.387
20	200	520	10920	spseetaneritrsed	2186	31.056
20	210	833	17493	bstdlaiepersrsto	2455	46.41
20	220	605	12705	testrstaeaerplid	2136	38.864
20	230	802	16842	bansditelertslas	2542	45.677
20	240	1241	26061	dnereitssratopel	2886	72.607
20	250	534	11214	milsranlptegssrd	2186	24.779
20	260	948	19908	gnawslineateders	2008	51.606
20	270	1161	24381	seacltrdiaessngr	2833	65.222
20	280	593	12453	esoprstrpeaealdc	1802	34.344
20	290	1429	30009	elshgateniradest	2728	87.13
21	10	53	1166	rsehetrdlaeaopst	1722	2.719
21	20	101	2222	itcsshapeserhitd	1292	4.608
21	30	83	1826	hseteriaatngupes	1293	3.76
21	40	138	3036	pcseaietttnrdeas	1605	7.042
21	50	235	5170	lecsparemitadesn	2280	13.588
21	60	107	2354	bmphtoaelnrtdesi	1360	4.779
21	70	302	6644	corsstneeiatsrls	2234	17.205
21	80	397	8734	blessaintnrtdese	2237	23.027
21	90	316	6952	preoaermstiaesnl	1683	17.385
21	100	427	9394	adetcrasetilsned	2622	24.415
21	110	411	9042	stngeiaetrlssaet	2487	24.795
21	120	441	9702	hsndtouesrtseiat	1619	22.164
21	130	390	8580	lingcatehersdist	2215	19.628
21	140	576	12672	dsnanetetirssalo	2017	34.394
21	150	590	12980	gtsenetrrilatspe	2059	32.043
21	160	498	10956	nslaoitcmaneresr	1796	25.788
21	170	455	10010	sredpetilanssier	2340	26.643
21	180	445	9790	tslcredaeanipstg	1678	22.726
21	190	725	15950	isecdntraeiarspl	2802	44.672
21	200	652	14344	atersinsretadalp	2259	38.426
21	210	506	11132	ptoselinsraeetst	1878	27.909
21	220	581	12782	sgesenalotipsres	2989	34.563
21	230	427	9394	irshepetslantris	2058	22.595
21	240	488	10736	pesrratetiniesal	2099	30.75
21	250	604	13288	aiessprtoeasldel	1816	34.394
21	260	1117	24574	rtspiealdreiistn	2336	66.862
21	270	1233	27126	drassentlitepars	3037	76.645
21	280	696	15312	spldeaietrnssiet	3073	42.722
21	290	496	10912	deptrarsteiestnd	2390	30.981
22	10	26	598	rsneeitetclsyahe	1107	1.214
22	20	59	1357	rabsestlpiredess	1223	2.91
22	30	132	3036	asrdrtealetlbasi	1827	7.344
22	40	350	8050	speserattsidonep	2167	20.621
22	50	216	4968	ptniaetdrsieotsr	1851	11.695
22	60	271	6233	nsesireletapdsts	1991	16.045
22	70	218	5014	mlnsaoiestrmisea	1707	12.246
22	80	440	10120	laesdntrseiarpls	2988	25.772
22	90	253	5819	iernntsosairrled	1676	13.469
22	100	335	7705	osndrteiertpsias	2155	20.898
22	110	284	6532	pinseltereasscru	1706	15.523
22	120	297	6831	nirdsaetmtnsaier	1807	17.121
22	130	207	4761	onedirosetamsnel	1754	11.124
22	140	408	9384	dplsmeiasarnctes	2261	23.14
22	150	202	4646	drphelispatehsrd	1924	10.125
22	160	451	10373	sresetaptnilaser	2968	30.235
22	170	461	10603	rsedentrtiaeslps	2918	27.873
22	180	517	11891	rstneleritadtsni	1776	29.612
22	190	736	16928	trecsnaletipsres	2969	47.43
22	200	472	10856	seusntrniaeilstd	2479	28.219
22	210	876	20148	atessnrleeiardts	2496	53.79
22	220	763	17549	rplcseaidrtnoies	3064	46.043
22	230	684	15732	sainrltseeiendvr	1897	37.833
22	240	454	10442	seralitsdaneserg	2884	28.592
22	250	928	21344	dsreietulasoperp	2362	56.833
22	260	719	16537	rtisserdlanepits	3086	44.813
22	270	1017	23391	lsertartcetodhsu	1978	54.535
22	280	1169	26887	hetecarsstigrena	2143	69.867
22	290	1413	32499	dnglseiarstrcouc	2229	75.147
23	10	14	336	anecflissatntseg	1040	0.727
23	20	107	2568	ptdaaeslrilsotne	1311	5.371
23	30	203	4872	tedfsarsmelopidm	1767	10.764
23	40	165	3960	dirstevesartwels	1828	8.742
23	50	95	2280	sutoqtirsaeslert	1093	4.677
23	60	305	7320	iltssaeitsrdreno	1930	17.179
23	70	342	8208	dnsmgeiasrtltaes	2599	21.483
23	80	338	8112	sntseiarrtlesedp	2559	21.278
23	90	613	14712	mpsnlaieetrdsres	2676	36.505
23	100	240	5760	paersltsreindmpa	1975	13.454
23	110	348	8352	aestltrasitemanh	1922	21.448
23	120	439	10536	desontrleiaerstp	2528	28.97
23	130	373	8952	ilubtsarenesrdit	1838	21.192
23	140	405	9720	oesontrnsiaepets	1983	25.605
23	150	659	15816	stseretanelodips	2079	38.174
23	160	599	14376	destliresandctes	2632	36.596
23	170	558	13392	saildnrteierstas	1840	34.796
23	180	558	13392	ldngaiesrtsrceap	2492	34.489
23	190	490	11760	seagplntaiesstrd	2752	30.385
23	200	644	15456	bletoiasnrtpeseh	2381	39.349
23	210	934	22416	stneeiasprltsaed	2683	53.88
23	220	1240	29760	bltdeaietsrnates	2417	71.193
23	230	397	9528	vlpteeasdrteiesr	1989	25.639
23	240	923	22152	pestdlrpeiaegnts	2828	57.027
23	250	978	23472	stescrtneaiespld	3072	59.957
23	260	1129	27096	lpsdaierrtnasets	3053	73.285
23	270	929	22296	marsgiteenstsraw	2167	55.052
23	280	636	15264	rtsraieapdnssero	2387	40.108
23	290	1561	37464	speserattnicosed	2757	105.794
24	10	21	525	trsiinavateeorsh	1011	1.108
24	20	100	2500	gnmmseiaertsdpae	1852	6.058
24	30	111	2775	paocltrstetewasb	1235	5.924
24	40	120	3000	segbniladatecers	2061	6.998
24	50	175	4375	cesorantetiaselb	1607	9.745
24	60	178	4450	mercpatesinshong	2025	10.261
24	70	275	6875	htessengrilatase	1971	15.804
24	80	250	6250	epclsiaentrdeges	2305	14.223
24	90	443	11075	silsntaeierpdtso	2436	26.278
24	100	389	9725	gtesrntreaieplsd	3132	25.358
24	110	235	5875	etlssaieretrltso	1763	14.971
24	120	773	19325	tserrntseaieslpr	2759	48.288
24	130	621	15525	bmagelinatessrtd	2329	34.445
24	140	462	11550	secstarointusres	2145	27.851
24	150	503	12575	smgrdeaerntlsois	2316	30.285
24	160	567	14175	tndreiessratptoc	2204	35.324
24	170	334	8350	quinelatesershgru	1866	17.895
24	180	473	11825	stsrdeaeriltsots	2004	28.86
24	190	1521	38025	denscitelarssped	2814	102.739
24	200	798	19950	useirtndeaiepltr	2484	51.004
24	210	940	23500	sidrnreseatipsle	2022	59.747
24	220	623	15575	ledtsinetarscepu	2479	39.588
24	230	755	18875	scdslergpanesits	2900	46.165
24	240	930	23250	specelangritsnes	2967	59.653
24	250	718	17950	grphseastnitored	2119	45.445
24	260	1473	36825	rspleeiadntrsaes	3121	98.858
24	270	987	24675	alsdgretenarstil	2573	62.267
24	280	1204	30100	slpseiaerntrdese	3172	80.99
24	290	684	17100	srtsasenetidgram	2374	43.985
25	10	38	988	esttreroaetpdhas	1014	1.964
25	20	167	4342	herwtisetaltserp	1851	10.519
25	30	80	2080	aertdnsaeotemers	1468	4.445
25	40	88	2288	egelsnaditrohess	1484	4.665
25	50	74	1924	sgnfreiaeltesars	1632	4.201
25	60	290	7540	ossdrteriealsmps	2118	16.82
25	70	402	10452	tergstneeiasdrpl	2812	26.197
25	80	701	18226	spaserittnemisad	2628	43.453
25	90	327	8502	derssrtaaietlgns	2443	21.021
25	100	422	10972	oastbltefierdgns	2040	23.082
25	110	215	5590	steralsdbeiequtra	1490	11.852
25	120	312	8112	blnseaiestrsheto	2339	19.972
25	130	578	15028	dnseetimeralspes	2668	37.07
25	140	288	7488	niesortrtcaeeshd	1708	16.134
25	150	652	16952	crstieaepltnsais	2315	45.438
25	160	907	23582	odtsrnereiapstls	2751	62.135
25	170	483	12558	rdnseiatstreuons	2458	29.559
25	180	367	9542	dlpssaeochtrsies	1811	20.845
25	190	937	24362	sniletaptressnid	2796	60.334
25	200	970	25220	sporaresctedshal	2300	61.857
25	210	676	17576	paceserdntesiart	2011	43.431
25	220	1752	45552	sntreiaertlpsesa	2767	127.393
25	230	572	14872	sldraiesrtngeose	2484	37.028
25	240	832	21632	hslametrraesstnd	1821	50.657
25	250	560	14560	elosstaptirenest	2107	36.544
25	260	1203	31278	detrrlasstimaned	2108	76.402
25	270	542	14092	saettirsneparscl	2163	33.858
25	280	840	21840	dlpseaehtrcdesia	2276	54.751
25	290	927	24102	seastnrteaiedmls	2802	64.447
26	10	51	1377	mpltoieustnrreti	1268	2.981
26	20	46	1242	peevursdotintces	1095	2.482
26	30	104	2808	neturtsosertupag	1456	6.095
26	40	175	4725	sisrrtneeaitpdss	1922	11.447
26	50	137	3699	intpdleretasspte	1514	7.875
26	60	169	4563	soadlpreaiettnds	1968	10.774
26	70	398	10746	siesdntreiaelmpl	2551	26.209
26	80	295	7965	sridonetstasherp	2135	19.27
26	90	671	18117	sthsrecaealitspm	1970	42.142
26	100	246	6642	dtaeentrsiasellp	1880	16.063
26	110	213	5751	ecasstlreaiebrns	1999	13.507
26	120	690	18630	rplbseaitrntides	2968	44.54
26	130	440	11880	lestdirpneaeestl	2459	28.621
26	140	420	11340	seaintrdaiessprt	2278	30.416
26	150	931	25137	msreiatrlneiseds	2456	59.792
26	160	591	15957	ilndsaesetrpnioa	2075	37.342
26	170	335	9045	dlsteatsrierstni	1753	21.383
26	180	574	15498	sreieprdetaealsc	2035	35.558
26	190	536	14472	dlscetahtrinsegs	2245	30.651
26	200	826	22302	gesanirttalesems	2726	55.052
26	210	738	19926	rdegecnshatisero	1951	42.444
26	220	688	18576	prsdaeetltnrsiag	2714	51.31
26	230	710	19170	eseprtaloritsnes	2612	48.688
26	240	763	20601	seosrltreiaedgns	2701	49.669
26	250	742	20034	slsnlpieeardstes	2306	48.297
26	260	806	21762	gsiaentlraespgrd	2313	51.437
26	270	659	17793	rstheiaepldroses	2425	41.689
26	280	1327	35829	strsaieaplntsgas	2650	88.504
26	290	491	13257	pelssaiptnreiegs	2345	30.782
27	10	34	952	httnseaidbnseuge	933	1.442
27	20	96	2688	noctdarsletiesna	1647	6.079
27	30	85	2380	vnidoaehtrtsesit	1443	4.476
27	40	97	2716	estsiterdnabesim	1853	6.134
27	50	235	6580	tsilenateresstrd	2061	15.773
27	60	287	8036	setsdtrneaiespla	2388	19.663
27	70	213	5964	redotrgnsaesmeth	1616	13.163
27	80	257	7196	etspcnieaeltspas	1586	16.201
27	90	316	8848	relpdiasentrrsed	2828	20.211
27	100	402	11256	sevorilbdeassntr	1993	22.513
27	110	364	10192	reedsrtnucasoter	1778	24.352
27	120	467	13076	otsrrsieeatnptsa	2103	31.303
27	130	158	4424	ersttaehwilwnlos	1079	7.993
27	140	500	14000	paetcrtsseierndl	2205	34.496
27	150	499	13972	stesdripenalstes	3136	33.79
27	160	689	19292	rstderesetapsnil	2716	48.461
27	170	776	21728	rtsoserglanepits	2857	51.632
27	180	615	17220	blpsseatnrtsudeh	2144	37.287
27	190	632	17696	destnitagelprses	2226	41.967
27	200	480	13440	itedtnspaeiapsrt	1824	31.83
27	210	597	16716	toushcrtseaedlps	2356	38.226
27	220	637	17836	tdrssenalitemars	2740	43.039
27	230	705	19740	anediterslasreps	2499	51.331
27	240	560	15680	drsteeeontrpsias	2281	41.386
27	250	603	16884	prndbaesiltrstes	2184	38.199
27	260	961	26908	istrlaeibengmars	1941	62.803
27	270	1657	46396	saistnrtseaedplc	2484	114.16
27	280	1084	30352	setsntriiaedplsr	2825	78.004
27	290	405	11340	sirctenelatssire	2142	31.318
28	10	39	1131	ltsoaeahtsrieidr	885	2.321
28	20	43	1247	teesdnpmseatntre	1067	2.418
28	30	110	3190	pldssaeitertnoss	1901	7.249
28	40	83	2407	snidamegeralsted	1745	5.6
28	50	219	6351	sblcroaeetsrhstc	1485	12.666
28	60	185	5365	ztspstemeralidep	1818	11.938
28	70	254	7366	estodetrriaesgns	1872	16.158
28	80	233	6757	sachntreiesadret	1927	16.789
28	90	324	9396	sretdersnotasubc	1813	20.595
28	100	498	14442	sedalirspateesni	2774	35.124
28	110	335	9715	tpohsreteiasdgnc	2103	20.925
28	120	982	28478	segsrntreiaetslb	2996	69.35
28	130	536	15544	snsmetieratrlspo	2188	36.198
28	140	422	12238	saepntlseiaesrmp	2577	30.154
28	150	227	6583	edapdletiesrnars	1612	15.002
28	160	324	9396	nistsetarserapod	1886	22.193
28	170	608	17632	gidsnerasatetchs	2207	39.85
28	180	723	20967	stnseiaedrlpsees	3014	52.112
28	190	802	23258	plcdeaietrnsseto	2933	55.579
28	200	1230	35670	desgrtnesaitmpls	2762	81.852
28	210	468	13572	psecsarnteitslas	1807	33.015
28	220	606	17574	sgotrnrseiaestlb	2838	41.347
28	230	486	14094	istrlaestercsida	2027	33.165
28	240	664	19256	sehtrtseiaerclbd	2159	43.738
28	250	595	17255	darspetenstlliar	1961	40.716
28	260	1144	33176	sdebtraletissned	2674	78.454
28	270	1162	33698	etsedrngeiaestlp	2579	78.671
28	280	716	20764	sresetinalagpsed	2612	51.743
28	290	718	20822	desorintpatesers	2750	53.278
29	10	32	960	slysuterosteprat	1381	1.974
29	20	53	1590	lstcnirateptsipu	1057	2.875
29	30	87	2610	esrmntsaaietsrcs	1508	4.792
29	40	175	5250	milsnategeradist	2770	12.229
29	50	400	12000	derolntsiaetsrps	2182	29.042
29	60	519	15570	uoesntrlseiadnts	2239	32.614
29	70	690	20700	clpsiaerntrdesei	2847	50.548
29	80	287	8610	sesunrpoeirastac	1893	18.903
29	90	177	5310	coseuarsbrtedeit	1406	11.207
29	100	317	9510	gnieertssaetmtls	1901	21.811
29	110	289	8670	loctsarsteieednt	2098	19.853
29	120	693	20790	setadnrseiaelstl	2655	50.901
29	130	340	10200	snimutadoressnir	1972	22.86
29	140	449	13470	pesprtaloierdnst	2348	32.533
29	150	205	6150	quirsdenoyetmstas	1178	9.828
29	160	735	22050	stnsreirmatesils	2296	52.493
29	170	572	17160	mispdnerseatrlts	1980	39.874
29	180	718	21540	dniseatlpreaosid	2417	51.779
29	190	497	14910	nsesetsrlarepech	2076	39.111
29	200	736	22080	dscogeranitesals	2639	51.865
29	210	940	28200	sltsgiaenerpdtso	2778	67.113
29	220	1192	35760	sntseaierlprdeso	2942	89.015
29	230	1202	36060	rstolerniaeipstd	2361	84.98
29	240	686	20580	ctlssaecneradits	2243	49.563
29	250	616	18480	derssitanaltgres	2510	43.125
29	260	912	27360	drpseiaestnlresi	2754	64.553
29	270	625	18750	teitsnrmeiaedlts	2577	45.786
29	280	1202	36060	densliteparssted	2815	89.937
29	290	943	28290	smesplaneritsdes	2832	64.115
